3.109738,0.000000,0.000000
3.109751,-0.083416,0.000000
3.109789,0.007111,0.000428
3.109777,-0.006013,0.000428
3.109771,-0.001387,0.000428
3.109777,0.011238,0.000000
3.109802,-0.003022,0.000000
3.109837,0.000146,0.000000
3.109836,-0.000906,0.000000
3.109854,0.000245,0.000000
3.109834,-0.000524,0.000000
3.109845,0.000650,0.000000
3.109880,-0.000454,0.000000
3.109909,-0.000758,0.000000
3.109934,-0.000536,0.000000
3.109982,-0.000486,0.000000
3.110005,-0.001086,0.000000
3.110023,-0.000285,0.000000
3.110037,-0.000382,0.000000
3.110060,-0.000267,0.000000
3.110076,-0.000513,0.000000
3.110090,-0.000264,0.000000
3.110093,-0.000268,0.000000
3.110121,-0.000027,0.000000
3.110141,-0.000688,0.000000
3.110161,-0.000315,0.000000
3.110151,-0.000441,0.000000
3.110152,0.000371,0.000000
3.110176,-0.000131,0.000000
3.110183,-0.000566,0.000000
3.110189,-0.000011,0.000000
3.110211,-0.000159,0.000000
3.110217,0.013463,-0.000428
3.110224,-0.000369,-0.000428
3.110213,0.003163,-0.000428
3.110229,-0.011292,0.000000
3.110260,0.002478,0.000000
3.110263,-0.001403,0.000000
3.110281,0.000282,0.000000
3.110301,-0.000510,0.000000
3.110302,-0.000390,0.000000
3.110293,0.000076,0.000000
3.110304,0.000220,0.000000
3.110313,-0.000332,0.000000
3.110323,-0.000154,0.000000
3.110336,-0.000206,0.000000
3.110353,-0.000271,0.000000
3.110378,-0.000362,0.000000
3.110397,-0.000542,0.000000
3.110414,-0.000334,0.000000
3.110409,-0.000340,0.000000
3.110419,0.000225,0.000000
3.110438,-0.000315,0.000000
3.110459,-0.000404,0.000000
3.110459,-0.000418,0.000000
3.110467,0.000101,0.000000
3.110453,-0.000236,0.000000
3.110458,0.000426,0.000000
3.110493,-0.000235,0.000000
3.110497,-0.000814,0.000000
3.110515,0.000113,0.000000
3.110539,-0.000496,0.000000
3.110543,-0.000484,0.000000
3.110575,0.000034,0.000000
3.110590,-0.000812,0.000000
3.110605,-0.000175,0.000000
3.110634,-0.000327,0.000000
3.110623,-0.000647,0.000000
3.110637,0.000436,0.000000
3.110659,-0.000465,0.000000
3.110672,-0.000420,0.000000
3.110683,-0.000216,0.000000
3.110699,-0.000232,0.000000
3.110709,-0.000348,0.000000
3.110718,-0.000156,0.000000
3.110717,-0.000182,0.000000
3.110709,0.000077,0.000000
3.110725,0.000166,0.000000
3.110745,-0.000438,0.000000
3.110778,-0.000379,0.000000
3.110784,-0.000730,0.000000
3.110793,0.000031,0.000000
3.110815,-0.000236,0.000000
3.110821,-0.000503,0.000000
3.110840,-0.000003,0.000000
3.110842,-0.000497,0.000000
3.110833,0.000086,0.000000
3.110865,0.000194,0.000000
3.110882,-0.000841,0.000000
3.110878,-0.000222,0.000000
3.110898,0.000171,0.000000
3.110905,-0.000553,0.000000
3.110929,-0.000038,0.000000
3.110960,-0.000590,0.000000
3.110960,-0.000616,0.000000
3.110957,0.000146,0.000000
3.110952,0.000028,0.000000
3.110960,0.000119,0.000000
3.110958,-0.000216,0.000000
3.110980,0.000103,0.000000
3.110988,-0.000584,0.000000
3.110999,-0.000054,0.000000
3.111005,-0.000268,0.000000
3.111006,-0.000069,0.000000
3.111009,-0.000024,0.000000
3.111013,-0.000066,0.000000
3.111005,-0.000085,0.000000
3.111018,0.000244,0.000000
3.111030,-0.000392,0.000000
3.111039,-0.000199,0.000000
3.111043,-0.000195,0.000000
3.111063,-0.000040,0.000000
3.111054,-0.000493,0.000000
3.111052,0.000348,0.000000
3.111051,-0.000023,0.000000
3.111063,0.000018,0.000000
3.111078,-0.000316,0.000000
3.111089,-0.000272,0.000000
3.111098,-0.000224,0.000000
3.111101,-0.000152,0.000000
3.111118,-0.000045,0.000000
3.111152,-0.000408,0.000000
3.111161,-0.000752,0.000000
3.111181,-0.000035,0.000000
3.111204,-0.000494,0.000000
3.111218,-0.000448,0.000000
3.111240,-0.000244,0.000000
3.111241,-0.000489,0.000000
3.111235,0.000095,0.000000
3.111252,0.000125,0.000000
3.111260,-0.000458,0.000000
3.111262,-0.000086,0.000000
3.111262,-0.000014,0.000000
3.111289,-0.000002,0.000000
3.111293,-0.000670,0.000000
3.111291,0.000058,0.000000
3.111284,0.000039,0.000000
3.111295,0.000170,0.000000
3.111299,-0.000313,0.000000
3.111298,-0.000021,0.000000
3.111306,0.000023,0.000000
3.111331,-0.000216,0.000000
3.111365,-0.000580,0.000000
3.111381,-0.000696,0.000000
3.111399,-0.000223,0.000000
3.111401,-0.000386,0.000000
3.111412,0.000045,0.000000
3.111431,-0.000287,0.000000
3.111423,-0.000400,0.000000
3.111426,0.000300,0.000000
3.111408,-0.000149,0.000000
3.111434,0.000470,0.000000
3.111425,-0.000756,0.000000
3.111405,0.000404,0.000000
3.111424,0.000412,0.000000
3.111420,-0.000585,0.000000
3.111422,0.000258,0.000000
3.111438,-0.000114,0.000000
3.111444,-0.000384,0.000000
3.111449,-0.000063,0.000000
3.111453,-0.000110,0.000000
3.111431,-0.000068,0.000000
3.111432,0.000569,0.000000
3.111440,-0.000164,0.000000
3.111461,-0.000168,0.000000
3.111468,-0.000478,0.000000
3.111469,-0.000051,0.000000
3.111473,0.000001,0.000000
3.111464,-0.000102,0.000000
3.111471,0.000254,0.000000
3.111483,-0.000263,0.000000
3.111497,-0.000226,0.000000
3.111498,-0.000295,0.000000
3.111477,0.000052,0.000000
3.111473,0.000514,0.000000
3.111473,-0.000030,0.000000
3.111481,0.000014,0.000000
3.111477,-0.000213,0.000000
3.111498,0.000151,0.000000
3.111526,-0.000548,0.000000
3.111532,-0.000560,0.000000
3.111546,-0.000030,0.000000
3.111545,-0.000328,0.000000
3.111547,0.000114,0.000000
3.111567,-0.000077,0.000000
3.111585,-0.000496,0.000000
3.111594,-0.000334,0.000000
3.111609,-0.000130,0.000000
3.111603,-0.000356,0.000000
3.111616,0.000253,0.000000
3.111601,-0.000401,0.000000
3.111586,0.000498,0.000000
3.111576,0.000244,0.000000
3.111580,0.000177,0.000000
3.111564,-0.000147,0.000000
3.111568,0.000451,0.000000
3.111581,-0.000224,0.000000
3.111585,-0.000272,0.000000
3.111594,-0.000032,0.000000
3.111592,-0.000213,0.000000
3.111588,0.000115,0.000000
3.111588,0.000066,0.000000
3.111585,-0.000011,0.000000
3.111578,0.000075,0.000000
3.111594,0.000143,0.000000
3.111604,-0.000426,0.000000
3.111600,-0.000148,0.000000
3.111597,0.000152,0.000000
3.111595,0.000039,0.000000
3.111600,0.000032,0.000000
3.111599,-0.000146,0.000000
3.111600,0.000061,0.000000
3.111610,-0.000034,0.000000
3.111622,-0.000249,0.000000
3.111622,-0.000224,0.000000
3.111642,0.000057,0.000000
3.111632,-0.000518,0.000000
3.111650,0.000373,0.000000
3.111645,-0.000527,0.000000
3.111659,0.000249,0.000000
3.111665,-0.000423,0.000000
3.111669,-0.000023,0.000000
3.111683,-0.000096,0.000000
3.111697,-0.000329,0.000000
3.111685,-0.000269,0.000000
3.111697,0.000363,0.000000
3.111706,-0.000387,0.000000
3.111692,-0.000134,0.000000
3.111678,0.000388,0.000000
3.111689,0.000254,0.000000
3.111717,-0.000335,0.000000
3.111761,-0.000615,0.000000
3.111758,-0.000957,0.000000
3.111751,0.000323,0.000000
3.111737,0.000085,0.000000
3.111737,0.000332,0.000000
3.111753,-0.000091,0.000000
3.111765,-0.000372,0.000000
3.111752,-0.000210,0.000000
3.111744,0.000389,0.000000
3.111744,0.000098,0.000000
3.111738,-0.000037,0.000000
3.111752,0.000165,0.000000
3.111773,-0.000384,0.000000
3.111768,-0.000423,0.000000
3.111777,0.000228,0.000000
3.111777,-0.000298,0.000000
3.111772,0.000083,0.000000
3.111763,0.000099,0.000000
3.111764,0.000220,0.000000
3.111781,-0.000098,0.000000
3.111789,-0.000394,0.000000
3.111806,-0.000091,0.000000
3.111809,-0.000420,0.000000
3.111802,0.000036,0.000000
3.111808,0.000177,0.000000
3.111801,-0.000213,0.000000
3.111813,0.000234,0.000000
3.111794,-0.000348,0.000000
3.111805,0.000551,0.000000
3.111789,-0.000417,0.000000
3.111786,0.000508,0.000000
3.111791,-0.000041,0.000000
3.111753,-0.000133,0.000000
3.111717,0.000987,0.000000
3.111681,0.000663,0.000000
3.111675,0.000735,0.000000
3.111695,-0.000039,0.000000
3.111737,-0.000493,0.000000
3.111812,-0.000928,0.000000
3.111870,-0.001637,0.000000
3.111904,-0.001048,0.000000
3.111904,-0.000576,0.000000
3.111888,0.000148,0.000000
3.111883,0.000364,0.000000
3.111859,0.000015,0.000000
3.111884,0.000607,0.000000
3.111967,-0.000791,0.000000
3.112091,-0.001870,0.000000
3.112112,-0.002642,0.000000
3.111948,0.000163,0.000000
3.111629,0.004057,0.000000
3.111266,0.006976,0.000000
3.111059,0.007342,0.000000
3.111061,0.003311,0.000000
3.111236,-0.000892,0.000000
3.111471,-0.004175,0.000000
3.111643,-0.004831,0.000000
3.111699,-0.003069,0.000000
3.111639,-0.000633,0.000000
3.111532,0.001684,0.000000
3.111449,0.002240,0.000000
3.111452,0.001510,0.000000
3.111532,-0.000466,0.000000
3.111650,-0.001876,0.000000
3.111761,-0.002479,0.000000
3.111829,-0.002174,0.000000
3.111821,-0.001138,0.000000
3.111766,0.000496,0.000000
3.111707,0.001251,0.000000
3.111670,0.001159,0.000000
3.111679,0.000619,0.000000
3.111818,-0.000363,0.000000
3.112069,-0.003418,0.000000
3.112514,-0.005414,0.000000
3.113165,-0.009804,0.000000
3.114214,-0.013854,0.000000
3.115689,-0.022792,0.000000
3.117507,-0.031236,0.000000
3.119517,-0.037656,0.000000
3.121722,-0.040868,0.000000
3.124498,-0.044915,0.000000
3.128143,-0.058251,0.000000
3.132888,-0.076652,0.000000
3.138794,-0.099601,0.000000
3.145710,-0.122869,0.000000
3.153324,-0.142292,0.000000
3.161351,-0.168808,0.000428
3.169702,-0.189627,0.001283
3.178359,-0.268779,0.004278
3.187010,-0.334704,0.008983
3.195983,-0.479009,0.017539
3.205054,-0.402846,0.022672
3.214460,-0.575479,0.031228
3.223211,-0.450407,0.035078
3.232146,-0.509110,0.039355
3.239971,-0.447079,0.041067
3.247661,-0.503979,0.044489
3.255504,-0.385964,0.044061
3.262971,-0.514743,0.046628
3.269945,-0.463688,0.048339
3.276740,-0.617108,0.054328
3.282225,-0.227016,0.048339
3.287407,-0.584501,0.052617
3.292273,-0.293777,0.050050
3.296332,-0.550764,0.053900
3.299433,-0.283866,0.051333
3.301854,-0.434753,0.052617
3.303533,-0.388642,0.053900
3.304518,-0.251692,0.050905
3.305060,-0.442537,0.053900
3.305140,-0.377063,0.056039
3.304529,-0.328504,0.056039
3.303345,-0.211746,0.052616
3.301556,-0.369247,0.054328
3.298607,-0.284604,0.054755
3.294722,-0.238448,0.053900
3.289861,-0.248262,0.053900
3.283421,-0.165299,0.052189
3.275303,-0.161963,0.051333
3.265646,0.095585,0.044061
3.254257,0.025204,0.039783
3.241382,0.216954,0.032511
3.227218,0.343936,0.022672
3.211490,0.208337,0.019250
3.194477,0.266326,0.017111
3.176422,0.383792,0.012406
3.157176,0.261583,0.012405
3.137097,0.434726,0.008983
3.116665,0.367167,0.007700
3.096189,0.445025,0.005133
3.078034,0.501468,0.000856
3.063298,0.111385,0.007272
3.051298,0.510561,0.000428
3.041431,-0.042405,0.006844
3.033817,0.360960,0.002139
3.029273,0.082592,0.002139
3.028296,0.146763,0.000000
3.030301,-0.111002,0.002994
3.034249,-0.030541,0.002567
3.039644,-0.068807,0.001283
3.046430,-0.085682,0.000000
3.053739,-0.078654,-0.002139
3.061433,-0.189299,-0.000856
3.069664,-0.222215,0.001711
3.078094,-0.162786,0.001711
3.086356,-0.113095,-0.000428
3.093877,-0.259280,0.002139
3.100234,-0.026774,-0.001283
3.105292,-0.157181,-0.000856
3.109494,-0.150253,0.001283
3.113198,0.105037,-0.004278
3.116433,-0.297470,0.002139
3.118917,0.076767,-0.000856
3.117144,-0.145590,0.001283
3.106580,0.393810,-0.008556
3.091858,0.117220,-0.005133
3.072555,0.658315,-0.013689
3.040852,0.503457,-0.016255
3.009364,0.902228,-0.019678
2.981780,0.680496,-0.018822
2.952617,0.730690,-0.020961
2.924984,0.675786,-0.020106
2.899379,0.561058,-0.016683
2.874792,0.653526,-0.017539
2.853809,0.624642,-0.018822
2.836293,0.383352,-0.014972
2.821546,0.510872,-0.016683
2.807244,0.477390,-0.020105
2.795414,0.514643,-0.023956
2.785756,0.499954,-0.028661
2.777534,0.470737,-0.032939
2.767595,0.432491,-0.035933
2.759577,0.508088,-0.038928
2.754103,0.602843,-0.046200
2.751599,0.597460,-0.054328
2.757100,0.557634,-0.061600
2.773209,0.379642,-0.067589
2.797373,-0.131615,-0.063311
2.824775,-0.011427,-0.065878
2.851243,-0.118288,-0.068016
2.878930,-0.093140,-0.068872
2.906874,-0.053886,-0.071867
2.933478,-0.243544,-0.068872
2.960099,-0.030010,-0.070583
2.985810,-0.393884,-0.062456
3.009633,-0.045410,-0.063311
3.031903,-0.304646,-0.057322
3.052260,-0.230321,-0.051761
3.071519,-0.187419,-0.047911
3.089499,-0.102022,-0.047055
3.105760,-0.098268,-0.046200
3.120530,0.007446,-0.047483
3.134134,-0.000491,-0.047911
3.147327,0.145914,-0.051761
3.161481,-0.075940,-0.048767
3.175830,0.032096,-0.048767
3.189515,-0.042464,-0.047483
3.202826,0.053556,-0.048339
3.215837,-0.220880,-0.041067
3.228771,-0.085968,-0.037217
3.241602,-0.189681,-0.032083
3.254113,-0.227240,-0.026094
3.263303,-0.254764,-0.020106
3.267263,-0.097616,-0.017539
3.270827,-0.221637,-0.008983
3.275523,-0.370309,0.003422
3.275158,-0.314514,0.011550
3.266815,-0.067247,0.013689
3.257577,0.067610,0.015400
3.251048,0.000637,0.018394
3.246419,-0.072872,0.021389
3.240147,-0.040494,0.021817
3.230150,-0.066654,0.023955
3.218953,0.115383,0.023100
3.208406,0.035367,0.024383
3.199903,0.099788,0.023528
3.192523,0.024377,0.023100
3.185292,-0.037199,0.024383
3.177416,0.063038,0.022672
3.168148,0.066453,0.020961
3.159866,0.099504,0.019678
3.153130,0.047969,0.019250
3.146713,-0.016361,0.020106
3.139056,-0.014359,0.020961
3.130117,0.065775,0.020106
3.121424,0.125816,0.017967
3.112824,-0.033386,0.020533
3.104677,0.083601,0.020106
3.096166,0.003478,0.020961
3.086590,0.110615,0.019250
3.076955,0.108838,0.017967
3.067179,0.134448,0.016256
3.057553,0.074432,0.016683
3.047588,0.082842,0.017111
3.037122,0.113910,0.016683
3.025980,0.219643,0.013261
3.014370,0.263329,0.008983
3.002196,0.296183,0.004706
2.989724,0.320241,0.000856
2.980642,0.280757,-0.000856
2.978945,0.246542,-0.003422
2.983191,0.131076,-0.007272
2.989626,0.012446,-0.010267
2.996099,-0.045445,-0.011550
3.002091,0.006132,-0.013689
3.007707,-0.090730,-0.012406
3.013253,0.003804,-0.013261
3.018281,-0.026209,-0.013689
3.022559,-0.002280,-0.014117
3.026846,-0.028273,-0.013261
3.031237,-0.028277,-0.012405
3.035522,-0.023381,-0.011978
3.039259,0.030718,-0.013261
3.042425,-0.001652,-0.013261
3.045332,0.021013,-0.013261
3.048083,0.021710,-0.013261
3.050926,0.053409,-0.014117
3.054079,0.021467,-0.014117
3.057833,0.049852,-0.014972
3.062504,0.019923,-0.015400
3.067876,-0.006192,-0.015400
3.073073,-0.017106,-0.015400
3.077851,0.045999,-0.017111
3.082790,0.039314,-0.018394
3.089371,0.004717,-0.018394
3.097334,-0.055661,-0.017539
3.105235,-0.011410,-0.018822
3.113133,-0.123404,-0.016683
3.120956,-0.096741,-0.014972
3.129177,-0.086662,-0.014117
3.137545,-0.133680,-0.012405
3.145892,-0.152221,-0.010267
3.154132,-0.135101,-0.008983
3.162398,-0.146530,-0.007700
3.170780,-0.139947,-0.006844
3.179276,-0.137029,-0.006417
3.188005,-0.185822,-0.004706
3.196789,-0.192097,-0.002994
3.204238,-0.204766,-0.001283
3.206449,-0.110992,-0.001711
3.206897,-0.014149,-0.001711
3.207075,-0.008683,-0.001283
3.207711,-0.034515,0.000000
3.208799,-0.049068,0.001283
3.209698,-0.038418,0.001711
3.207899,-0.095566,0.003850
3.203703,0.068628,0.002994
3.198802,0.009286,0.004706
3.194541,0.085263,0.004706
3.190965,-0.034243,0.007272
3.186605,0.057720,0.006844
3.181466,0.015106,0.007700
3.176997,0.067142,0.007700
3.173360,-0.005019,0.008983
3.170446,0.024831,0.008983
3.167896,-0.000974,0.008983
3.165586,-0.017511,0.009411
3.163393,-0.008527,0.009411
3.161056,-0.027754,0.009839
3.158772,-0.022448,0.010267
3.156704,-0.014372,0.010267
3.154834,-0.021886,0.010267
3.153052,-0.052878,0.011122
3.151388,-0.025666,0.011122
3.149797,-0.021612,0.010694
3.148306,-0.021250,0.010267
3.146964,0.007311,0.008983
3.145718,0.019941,0.007272
3.144529,0.013218,0.005989
3.143458,-0.032730,0.006417
3.142487,-0.013154,0.006417
3.141588,-0.006709,0.005989
3.140671,0.021034,0.004706
3.139897,0.024053,0.003422
3.139262,0.001407,0.002994
3.138633,0.034920,0.001711
3.138013,-0.020047,0.002139
3.137547,0.046514,0.000856
3.137197,-0.006682,0.000856
3.136832,0.046003,-0.000428
3.136461,0.000586,-0.000428
3.136213,0.012421,-0.000428
3.136076,-0.007706,0.000000
3.135910,0.005411,0.000000
3.135780,0.016761,-0.000428
3.135807,-0.011792,0.000000
3.135902,0.002367,0.000000
3.135976,-0.002998,0.000000
3.136127,-0.001094,0.000000
3.136384,-0.003518,0.000000
3.136666,-0.005557,0.000000
3.136949,-0.005651,0.000000
3.137364,-0.005662,0.000000
3.137862,-0.008997,0.000000
3.138354,-0.010209,0.000000
3.138920,-0.009736,0.000000
3.139606,-0.011721,0.000000
3.140377,-0.014225,0.000000
3.141159,-0.015740,0.000000
3.142032,-0.015609,0.000000
3.143004,-0.017931,0.000000
3.144026,-0.019846,0.000000
3.145115,-0.020571,0.000000
3.146338,-0.022105,0.000000
3.147656,-0.025049,0.000000
3.149041,-0.026720,0.000000
3.150522,-0.027939,0.000000
3.152118,-0.030059,0.000000
3.153817,-0.046365,0.000428
3.155572,-0.020051,0.000000
3.157425,-0.038974,0.000000
3.159478,-0.036574,0.000000
3.161660,-0.042206,0.000000
3.163955,-0.044002,0.000000
3.166335,-0.046381,0.000000
3.168693,-0.047922,0.000000
3.171004,-0.060955,0.000428
3.172801,-0.073633,0.001283
3.173110,-0.049928,0.001711
3.171068,-0.063802,0.003422
3.167667,0.027849,0.003850
3.163112,0.007306,0.005133
3.157956,0.059862,0.005561
3.152396,0.058238,0.005989
3.146922,0.079549,0.005989
3.141552,0.057938,0.006417
3.136437,0.085613,0.005989
3.131398,0.033396,0.006844
3.126446,0.080358,0.006417
3.121283,0.041371,0.006844
3.115935,0.081439,0.006417
3.111248,0.079024,0.005989
3.107125,0.066258,0.005561
3.103274,0.030657,0.005989
3.099682,0.043676,0.005989
3.096116,0.047801,0.005561
3.092275,0.021384,0.005989
3.088338,0.073770,0.005133
3.084709,0.041247,0.005133
3.081119,0.027854,0.005561
3.077560,0.055062,0.005133
3.073885,0.022571,0.005561
3.069861,0.044565,0.005561
3.065398,0.047705,0.005561
3.060865,0.085878,0.004706
3.056291,0.070317,0.004278
3.051826,0.092568,0.003422
3.047348,0.160495,0.000428
3.043919,0.082093,0.000000
3.044264,0.135044,-0.002139
3.047269,-0.027191,-0.002139
3.050141,0.003551,-0.003850
3.052321,-0.002074,-0.005133
3.053673,0.012480,-0.005989
3.054458,0.022042,-0.006417
3.055332,0.051035,-0.007272
3.056466,-0.008100,-0.006417
3.057456,0.036024,-0.006844
3.057984,0.003596,-0.006417
3.058008,0.048242,-0.006844
3.057720,0.024734,-0.006417
3.057437,0.035381,-0.005989
3.056995,0.029269,-0.005561
3.056159,0.059588,-0.005989
3.055045,0.050962,-0.005989
3.053781,0.046165,-0.005561
3.052346,0.075913,-0.005989
3.050613,0.033836,-0.005133
3.048588,0.087628,-0.005561
3.046469,0.070419,-0.005561
3.044368,0.063187,-0.005133
3.042340,0.103345,-0.005989
3.040793,0.111620,-0.007272
3.041445,0.107105,-0.008556
3.045169,0.020743,-0.008556
3.050539,-0.020316,-0.008983
3.056371,-0.033927,-0.009839
3.062291,-0.119482,-0.008128
3.068029,-0.042752,-0.008556
3.073661,-0.068622,-0.008556
3.079427,-0.045336,-0.008983
3.085446,-0.065424,-0.008983
3.091164,-0.094591,-0.008128
3.096454,-0.086003,-0.007272
3.101604,-0.069937,-0.006844
3.106390,-0.073773,-0.006417
3.111120,-0.052907,-0.006417
3.115530,-0.028870,-0.007272
3.119637,-0.048479,-0.007272
3.123563,-0.035861,-0.007272
3.127667,-0.034539,-0.007272
3.131988,-0.025375,-0.007700
3.136842,-0.057915,-0.007272
3.141665,-0.080154,-0.006417
3.146350,-0.010241,-0.007700
3.151030,-0.084929,-0.006844
3.155683,-0.030138,-0.007272
3.160359,-0.054284,-0.007272
3.165239,-0.034689,-0.007700
3.170237,-0.069564,-0.007272
3.175347,-0.080795,-0.006417
3.180501,-0.101162,-0.005133
3.185737,-0.148708,-0.002567
3.189679,-0.143948,-0.000428
3.189500,-0.086873,0.000428
3.187568,0.009591,0.000856
3.185349,-0.044256,0.003422
3.183762,0.027297,0.003850
3.182268,-0.066106,0.005989
3.179118,-0.018700,0.006844
3.175620,0.046259,0.006417
3.172144,-0.000391,0.007272
3.168299,0.018556,0.007700
3.164360,0.047711,0.007272
3.160096,0.003850,0.008128
3.155900,0.058783,0.007700
3.152161,0.046171,0.007272
3.148705,0.013228,0.007700
3.145315,0.039299,0.007272
3.142073,0.006195,0.007700
3.139212,0.007752,0.008128
3.136295,-0.005459,0.008556
3.132585,0.038061,0.007700
3.129358,0.067255,0.006417
3.126424,-0.026566,0.007700
3.123646,0.050356,0.006844
3.120761,-0.008783,0.007272
3.118108,0.019847,0.007272
3.115691,-0.007328,0.007700
3.113530,0.018449,0.007272
3.111410,0.022607,0.006417
3.109205,0.026993,0.005561
3.107049,0.048434,0.004278
3.104841,0.037389,0.003422
3.102614,0.061992,0.002139
3.100214,-0.004045,0.002994
3.097703,0.094659,0.001283
3.095227,0.015153,0.001711
3.092977,0.101345,0.000000
3.091369,0.044512,-0.000428
3.089981,-0.009722,0.000856
3.088368,0.072860,-0.000428
3.086689,0.025080,-0.000428
3.084583,0.038978,-0.000428
3.082229,0.074132,-0.001283
3.079392,0.035857,-0.000856
3.076232,0.054566,-0.000428
3.072871,0.082631,-0.000856
3.069217,0.041753,0.000000
3.065174,0.095111,-0.000428
3.061074,0.094426,-0.000856
3.057013,0.099246,-0.001283
3.052949,0.086295,-0.001283
3.049677,0.089678,-0.001283
3.048036,0.082890,-0.001711
3.047516,0.074841,-0.002994
3.047678,0.030462,-0.003422
3.049256,0.069882,-0.005133
3.052353,-0.018809,-0.005133
3.056486,-0.006288,-0.005989
3.061049,-0.043027,-0.006417
3.065488,-0.013238,-0.007700
3.070503,-0.022033,-0.008556
3.076048,-0.097715,-0.007272
3.081971,-0.073349,-0.006844
3.087377,-0.064340,-0.007272
3.092176,-0.064435,-0.007272
3.096468,-0.049143,-0.007272
3.101088,-0.012381,-0.008128
3.106354,-0.093475,-0.006844
3.111304,-0.028705,-0.007700
3.115580,-0.058876,-0.007700
3.119515,-0.020220,-0.008128
3.123476,-0.046301,-0.007700
3.127481,-0.015531,-0.008128
3.131352,-0.063246,-0.007272
3.135194,0.015800,-0.008556
3.139237,-0.063934,-0.007700
3.143273,-0.013079,-0.008128
3.147496,-0.064648,-0.007272
3.151623,-0.006670,-0.008128
3.155996,-0.054596,-0.007700
3.160267,-0.023739,-0.008128
3.164782,-0.095804,-0.006417
3.169942,-0.012456,-0.007272
3.175383,-0.127479,-0.005561
3.181006,-0.103976,-0.004278
3.186672,-0.180206,-0.001283
3.192254,-0.142396,0.000428
3.196532,-0.162903,0.002139
3.196328,-0.095832,0.002567
3.193301,-0.017632,0.003422
3.190422,0.026786,0.004278
3.188048,0.033165,0.004278
3.186049,-0.037070,0.005989
3.183847,-0.027434,0.007272
3.180113,-0.020517,0.008128
3.174828,0.065708,0.007272
3.169296,0.005086,0.008983
3.164003,0.111844,0.007700
3.158976,0.032183,0.008128
3.154236,0.042710,0.008556
3.149751,0.043543,0.008556
3.145164,0.050891,0.008128
3.140549,0.026859,0.008556
3.136095,0.058463,0.008128
3.131929,0.035546,0.008128
3.128025,0.062154,0.007272
3.124039,0.013255,0.007700
3.119885,0.094563,0.005989
3.115792,0.006932,0.006844
3.111808,0.035396,0.007272
3.108473,0.022147,0.007700
3.106000,0.047934,0.006844
3.103437,-0.057776,0.008556
3.100462,0.014630,0.008556
3.097237,0.048329,0.007272
3.094099,0.055679,0.005989
3.090802,0.089254,0.003850
3.087022,0.072830,0.002567
3.083330,0.056906,0.002567
3.079980,0.030846,0.003422
3.076759,0.050435,0.003422
3.072953,0.070113,0.002567
3.068747,0.100243,0.001283
3.064161,0.112230,0.000000
3.059573,0.114409,-0.000856
3.055537,0.106390,-0.001283
3.052096,0.139757,-0.002994
3.050878,0.129168,-0.004706
3.053051,0.032998,-0.004706
3.056823,-0.013556,-0.005133
3.060459,-0.010597,-0.006417
3.064026,0.001725,-0.007700
3.068255,-0.003948,-0.008556
3.074046,-0.054654,-0.008128
3.080092,-0.056142,-0.008556
3.085460,-0.128845,-0.006844
3.090546,0.005772,-0.008556
3.095578,-0.078660,-0.008128
3.100280,-0.044899,-0.008128
3.104992,-0.045270,-0.008128
3.110136,-0.059388,-0.007700
3.115146,-0.027914,-0.008556
3.119571,-0.068127,-0.008128
3.123877,0.009616,-0.009411
3.128331,-0.067572,-0.008556
3.132997,-0.029972,-0.008556
3.137578,-0.072932,-0.007700
3.141892,-0.024264,-0.008128
3.146081,-0.054803,-0.007700
3.150238,0.022873,-0.009411
3.155174,-0.067223,-0.008556
3.160537,-0.028198,-0.008983
3.165849,-0.073687,-0.008556
3.171262,-0.036001,-0.008983
3.176795,-0.058951,-0.008983
3.182881,-0.111988,-0.007272
3.189280,-0.083294,-0.006844
3.195853,-0.199601,-0.003422
3.202736,-0.102095,-0.002994
3.208634,-0.194099,-0.000856
3.210079,-0.133881,0.000428
3.209364,-0.019175,0.000856
3.208230,-0.053496,0.002994
3.207591,0.033605,0.002567
3.207178,-0.109819,0.005561
3.205709,0.010543,0.005133
3.201670,-0.074461,0.007272
3.196449,0.051701,0.007700
3.191310,0.045796,0.008128
3.187004,0.042044,0.008556
3.181952,0.018829,0.008983
3.175968,0.054298,0.008983
3.170434,0.082568,0.008556
3.165581,0.011347,0.009839
3.160813,0.072690,0.008983
3.155776,0.019347,0.009411
3.150709,0.064525,0.008983
3.145362,0.014977,0.009839
3.140440,0.070219,0.009411
3.135987,0.006619,0.010267
3.131830,0.074635,0.008983
3.127746,0.003484,0.009411
3.123902,0.044640,0.008983
3.120243,-0.010641,0.009839
3.116664,0.006380,0.010267
3.113036,0.024752,0.009839
3.109269,0.010522,0.009839
3.105394,0.087559,0.007700
3.101436,0.044725,0.006844
3.097469,0.092227,0.005133
3.093384,0.009300,0.005989
3.089252,0.041080,0.006417
3.085048,0.072790,0.005561
3.080778,0.072951,0.004706
3.076359,0.108976,0.002994
3.071754,0.102433,0.001711
3.067127,0.104472,0.000856
3.063063,0.083030,0.000856
3.058843,0.074367,0.000856
3.054098,0.150407,-0.001283
3.049855,0.118309,-0.002139
3.048151,0.120411,-0.002994
3.048965,0.048530,-0.003422
3.050778,0.062818,-0.005561
3.053122,-0.019663,-0.005561
3.056807,0.016090,-0.006417
3.061000,-0.034299,-0.006844
3.065107,0.011056,-0.008556
3.069264,-0.041432,-0.008556
3.074265,-0.029232,-0.008556
3.080145,-0.053563,-0.008556
3.085534,-0.097377,-0.007700
3.090248,-0.010351,-0.008983
3.095226,-0.061939,-0.008556
3.100543,-0.030621,-0.008983
3.105557,-0.043931,-0.009411
3.110395,-0.071626,-0.008556
3.115252,-0.024599,-0.008983
3.119701,-0.075881,-0.008128
3.124268,-0.030956,-0.008128
3.128492,-0.045445,-0.008128
3.132205,-0.019131,-0.008556
3.135484,0.004197,-0.009411
3.138839,-0.054371,-0.008128
3.143050,-0.008960,-0.008128
3.147100,-0.098074,-0.006417
3.151045,-0.000189,-0.007272
3.154785,-0.044185,-0.007272
3.158315,0.014216,-0.008556
3.162009,-0.069693,-0.007272
3.166138,-0.047991,-0.006417
3.170699,-0.084930,-0.005133
3.175995,-0.054064,-0.005133
3.181488,-0.150357,-0.002994
3.187099,-0.132781,-0.001283
3.192829,-0.139209,-0.000000
3.198360,-0.150233,0.001283
3.200194,-0.208002,0.004278
3.197870,0.002927,0.003422
3.194821,0.017836,0.003850
3.191673,-0.040914,0.006417
3.188921,0.069121,0.005561
3.186083,-0.088452,0.008556
3.181674,0.043373,0.008128
3.175619,0.024300,0.008556
3.169480,0.053373,0.009411
3.163999,0.083501,0.008983
3.158859,0.020503,0.009839
3.153637,0.063575,0.009411
3.148444,0.043851,0.009411
3.143635,0.076153,0.008556
3.139229,0.036692,0.008556
3.134933,0.022707,0.008983
3.130766,0.048287,0.008556
3.126824,0.027701,0.008556
3.123291,0.097256,0.006417
3.119972,-0.026565,0.007700
3.116718,0.018077,0.008128
3.113481,-0.012207,0.008983
3.110303,0.016633,0.008983
3.107136,0.021737,0.008556
3.103900,0.009396,0.008556
3.100548,0.014313,0.008556
3.097177,0.029925,0.008128
3.093883,0.057592,0.006844
3.090585,0.044272,0.005989
3.087221,0.054270,0.005133
3.083807,0.087759,0.003422
3.080288,-0.004510,0.004706
3.076703,0.082039,0.003850
3.073246,0.095888,0.002139
3.070153,0.060114,0.001711
3.067101,0.091310,0.000428
3.063741,0.064033,0.000000
3.060194,0.081981,-0.000428
3.056448,0.071347,-0.000428
3.052601,0.107033,-0.001283
3.048787,0.120848,-0.002567
3.046503,0.126177,-0.003850
3.047736,0.068076,-0.004278
3.051246,-0.002167,-0.004706
3.055241,-0.052109,-0.004706
3.059009,-0.023520,-0.005561
3.062607,-0.018705,-0.006417
3.066478,-0.023183,-0.006844
3.070370,-0.067610,-0.005989
3.074132,-0.035236,-0.005989
3.077791,-0.012307,-0.006844
3.081534,-0.023111,-0.007272
3.085299,-0.061175,-0.006417
3.088761,-0.002498,-0.007272
3.091752,-0.045414,-0.006844
3.094791,-0.011822,-0.006844
3.098017,-0.021654,-0.006844
3.101089,-0.023834,-0.006844
3.103818,-0.005394,-0.007272
3.106484,-0.026263,-0.006844
3.109464,-0.008582,-0.006844
3.112799,-0.034967,-0.006417
3.115710,-0.040371,-0.005989
3.118284,-0.017574,-0.005989
3.120799,-0.014928,-0.005989
3.123324,-0.000160,-0.006417
3.125835,-0.000984,-0.006844
3.128274,-0.039116,-0.005989
3.130850,0.035912,-0.007272
3.133508,-0.074950,-0.005561
3.136343,-0.033532,-0.004706
3.139202,-0.055079,-0.003850
3.141934,-0.056602,-0.002994
3.144732,-0.045509,-0.002567
3.147720,-0.067219,-0.001711
3.150740,-0.072865,-0.000856
3.153903,-0.036757,-0.001283
3.157304,-0.102338,0.000000
3.161198,-0.059196,0.000000
3.165184,-0.054724,-0.000856
3.169285,-0.121605,0.000428
3.173566,-0.117036,0.001711
3.177940,-0.090477,0.001711
3.181475,-0.183538,0.004278
3.181903,-0.046099,0.003422
3.180450,-0.038755,0.003850
3.177953,0.031386,0.003422
3.175014,0.014871,0.003850
3.172158,-0.014980,0.005561
3.169974,0.047611,0.005133
3.167787,-0.065998,0.007272
3.163320,0.058912,0.005989
3.158180,0.065894,0.005561
3.153895,0.070280,0.005561
3.150273,0.019678,0.006417
3.146738,0.009565,0.007272
3.142325,0.017475,0.007700
3.137864,0.076223,0.006844
3.133937,0.026889,0.007272
3.130482,0.092784,0.005561
3.127108,-0.020936,0.006844
3.123672,0.038491,0.006844
3.120201,0.024780,0.006844
3.116900,0.029174,0.006844
3.113643,0.023786,0.006844
3.110292,0.024060,0.006844
3.106853,-0.001621,0.007700
3.103491,0.056646,0.006844
3.100193,0.018263,0.006844
3.096820,0.012534,0.007272
3.093382,0.054577,0.006417
3.089870,0.051919,0.005561
3.086312,0.088859,0.003850
3.082717,0.065501,0.002994
3.079019,0.036939,0.003422
3.075181,0.071593,0.002994
3.071203,0.041500,0.003422
3.067142,0.077446,0.002994
3.062935,0.101537,0.001711
3.058543,0.066730,0.001711
3.053965,0.164232,-0.000856
3.049238,0.079366,-0.000856
3.044856,0.160821,-0.002567
3.043902,0.116218,-0.003422
3.047607,0.047958,-0.004278
3.052331,-0.031153,-0.005561
3.057416,0.001176,-0.007700
3.062007,-0.097919,-0.006844
3.066968,-0.010589,-0.007700
3.072016,-0.105752,-0.006417
3.077460,0.004669,-0.008128
3.082762,-0.090613,-0.007700
3.087628,-0.051851,-0.007700
3.092441,-0.064806,-0.007272
3.097092,-0.035422,-0.007700
3.101591,-0.063624,-0.007272
3.105574,-0.027834,-0.007700
3.109013,-0.034814,-0.007700
3.112314,-0.005351,-0.008128
3.116161,-0.034190,-0.007700
3.120322,-0.057702,-0.006844
3.124122,-0.052069,-0.006417
3.127337,-0.033669,-0.006417
3.130092,-0.009725,-0.006844
3.132442,-0.015037,-0.006844
3.135030,-0.003499,-0.006844
3.137952,0.015513,-0.007700
3.140815,-0.075203,-0.005989
3.143899,0.034538,-0.007272
3.146816,-0.045428,-0.006844
3.149833,-0.037926,-0.005989
3.153246,-0.020856,-0.005989
3.157232,-0.133071,-0.002994
3.161422,-0.043393,-0.002994
3.165492,-0.099526,-0.002139
3.169440,-0.088554,-0.001283
3.173232,-0.150710,0.001283
3.176882,-0.122229,0.002994
3.179880,-0.152901,0.005133
3.178914,-0.074892,0.005133
3.174572,-0.009255,0.005561
3.169279,0.069499,0.005561
3.163834,0.059205,0.005989
3.158831,0.048460,0.006844
3.154461,0.005689,0.008556
3.149902,0.057724,0.008128
3.144866,0.024386,0.008556
3.138966,0.083677,0.007700
3.133537,0.054661,0.008128
3.128630,0.102974,0.006844
3.124354,0.087136,0.005561
3.120083,0.043108,0.005561
3.116105,0.040295,0.005989
3.112905,0.044403,0.005989
3.110291,0.009811,0.006417
3.107401,0.042669,0.005561
3.104483,-0.008272,0.006417
3.102262,0.082921,0.004706
3.099802,-0.056934,0.006417
3.096702,0.014000,0.006844
3.092876,0.050588,0.005989
3.089255,0.023953,0.006417
3.086375,0.064350,0.005561
3.084088,-0.014106,0.006417
3.081331,0.012656,0.006417
3.077750,0.045522,0.005561
3.073570,0.022347,0.005989
3.068820,0.123994,0.003850
3.063622,0.114410,0.002139
3.058209,0.085129,0.002139
3.053232,0.098037,0.002139
3.048570,0.097732,0.001711
3.044245,0.107146,0.000856
3.040995,0.144638,-0.001283
3.040440,0.152135,-0.004278
3.043858,0.091111,-0.006844
3.050557,-0.001667,-0.008556
3.059010,-0.075348,-0.009411
3.068653,-0.108049,-0.009839
3.078240,-0.196232,-0.008128
3.087154,-0.101246,-0.008983
3.095275,-0.130207,-0.008983
3.103245,-0.088835,-0.009411
3.110989,-0.092460,-0.009839
3.118459,-0.110573,-0.009411
3.125879,-0.102239,-0.008983
3.133287,-0.106391,-0.008556
3.141147,-0.080284,-0.008983
3.149154,-0.123057,-0.008556
3.156850,-0.049109,-0.010267
3.164396,-0.159215,-0.008556
3.171700,-0.084165,-0.008556
3.178885,-0.167260,-0.006417
3.185946,-0.089171,-0.006417
3.191999,-0.148076,-0.005133
3.194085,-0.089343,-0.004706
3.193998,0.034014,-0.005561
3.193503,0.021477,-0.005133
3.193255,-0.024195,-0.002994
3.192750,0.021058,-0.002567
3.190259,-0.015267,-0.001283
3.186260,0.062251,-0.000856
3.181527,0.063018,-0.000000
3.177208,0.060826,0.001283
3.173381,0.027317,0.002994
3.169414,-0.031309,0.005989
3.165231,-0.007401,0.008128
3.161319,-0.010301,0.009839
3.157314,0.026660,0.009839
3.153204,0.033473,0.009411
3.149543,-0.004330,0.010267
3.146456,0.001579,0.010694
3.143824,-0.003593,0.010694
3.141208,-0.013705,0.010694
3.138697,0.016448,0.009839
3.136295,-0.029400,0.010267
3.133824,-0.009634,0.010267
3.131274,-0.012969,0.010267
3.128691,0.017835,0.009411
3.126352,-0.052682,0.010694
3.124207,0.019494,0.009839
3.122007,-0.011420,0.009411
3.120008,0.043060,0.007700
3.118283,-0.018948,0.007700
3.116642,0.073934,0.005133
3.114901,-0.030491,0.005561
3.113065,0.009593,0.005561
3.111343,0.015652,0.005133
3.109812,0.056413,0.003422
3.108378,0.026125,0.002567
3.106858,0.037907,0.001711
3.105231,0.057491,0.000428
3.103662,0.022912,0.000428
3.102118,0.058301,-0.000428
3.100570,0.013075,0.000000
3.098974,0.049531,-0.000428
3.097357,0.044627,-0.000856
3.095745,0.063604,-0.001711
3.094589,0.009143,-0.000856
3.094096,0.047154,-0.001283
3.093421,-0.031965,0.000000
3.092437,0.081098,-0.001711
3.091382,-0.011111,-0.000856
3.090817,0.021841,-0.000428
3.090273,0.025812,-0.000856
3.089194,0.013509,-0.000856
3.088043,0.044080,-0.001283
3.087276,0.027312,-0.001283
3.086634,0.021956,-0.001283
3.085438,0.034189,-0.001711
3.084034,0.020222,-0.001283
3.082658,0.025814,-0.000856
3.081133,0.034427,-0.000856
3.079316,0.063915,-0.001711
3.077559,0.000237,-0.000428
3.075323,0.047337,-0.000428
3.072875,0.047263,-0.000428
3.070816,0.066607,-0.000856
3.069021,0.041114,-0.000856
3.066846,0.027049,-0.000428
3.063889,0.050960,-0.000428
3.061026,0.050486,0.000000
3.058638,0.072982,-0.000428
3.056673,0.044511,-0.000428
3.054685,0.041194,-0.000428
3.052707,0.070579,-0.001283
3.050873,0.041299,-0.001283
3.049516,0.031202,-0.000856
3.048786,0.046551,-0.001283
3.048742,0.058029,-0.002567
3.049997,0.061537,-0.004278
3.053183,0.012934,-0.005133
3.057953,-0.044623,-0.005133
3.063308,-0.013721,-0.006844
3.068657,-0.093365,-0.006417
3.074104,-0.020057,-0.007700
3.079869,-0.101542,-0.006844
3.085339,-0.081127,-0.006417
3.090432,-0.054201,-0.006844
3.095638,-0.076391,-0.006417
3.100615,-0.034792,-0.007272
3.105009,-0.089186,-0.006417
3.109206,-0.025114,-0.006844
3.113804,-0.075293,-0.005989
3.117830,-0.009074,-0.007272
3.121561,-0.043918,-0.007272
3.124978,-0.069509,-0.005989
3.128181,0.005141,-0.006844
3.131062,-0.044103,-0.006417
3.134082,-0.012620,-0.006417
3.137320,-0.010214,-0.006844
3.140386,-0.082994,-0.005133
3.143117,0.010981,-0.005989
3.145942,-0.054182,-0.005133
3.148728,-0.004353,-0.005561
3.151462,-0.026884,-0.005561
3.154180,-0.033805,-0.005133
3.156985,-0.034833,-0.004706
3.160331,-0.040010,-0.004278
3.163689,-0.083455,-0.002994
3.167289,-0.068320,-0.002139
3.170917,-0.126715,0.000000
3.174555,-0.086604,0.000856
3.177919,-0.159575,0.003422
3.181071,-0.083431,0.003850
3.181511,-0.156776,0.005989
3.178632,0.025889,0.004706
3.175433,0.030147,0.004706
3.173198,0.009179,0.005561
3.171899,-0.002188,0.005989
3.170910,-0.053961,0.007272
3.167825,0.025713,0.005989
3.164164,0.025705,0.005989
3.160875,0.026216,0.006417
3.157517,-0.014488,0.007700
3.153157,0.029946,0.007700
3.148974,0.085696,0.006417
3.145087,-0.021268,0.008128
3.140907,0.055762,0.007700
3.136431,0.046557,0.007272
3.132235,0.031638,0.007700
3.128306,0.081115,0.006417
3.124571,0.029475,0.006417
3.120978,0.079795,0.005133
3.117544,0.031048,0.005133
3.114419,-0.002395,0.006417
3.111528,0.072628,0.005133
3.108985,-0.012707,0.005989
3.107644,0.049916,0.005133
3.106682,-0.031877,0.005561
3.105079,-0.023607,0.005989
3.102735,0.015089,0.005561
3.099690,0.040997,0.004706
3.096533,0.086395,0.002994
3.094005,0.034561,0.002994
3.092126,0.073989,0.001711
3.090233,-0.012649,0.002567
3.087565,0.031421,0.002567
3.084566,0.053589,0.002139
3.081330,0.073426,0.001283
3.077927,0.080769,0.000428
3.074726,0.047588,0.000856
3.071774,0.047786,0.001283
3.068512,0.080207,0.000428
3.064863,0.086130,-0.000428
3.061258,0.072835,-0.000428
3.057433,0.075126,-0.000428
3.053419,0.094079,-0.000856
3.049524,0.097184,-0.001283
3.046585,0.110601,-0.002139
3.045204,0.075633,-0.002567
3.045878,0.076613,-0.003850
3.048501,0.006464,-0.004278
3.052400,-0.021277,-0.004706
3.056729,-0.043016,-0.005133
3.060925,-0.017058,-0.006417
3.065356,-0.080555,-0.005561
3.070175,-0.020744,-0.006417
3.074971,-0.081310,-0.005989
3.079429,-0.040456,-0.006417
3.083511,-0.011243,-0.007700
3.087815,-0.055520,-0.007272
3.092497,-0.038997,-0.007272
3.096560,-0.080706,-0.006417
3.099992,-0.018962,-0.006844
3.103154,-0.029672,-0.006844
3.106188,-0.020176,-0.006844
3.109123,-0.019378,-0.006844
3.111903,-0.003116,-0.007272
3.114613,-0.042104,-0.006417
3.117112,-0.008837,-0.006417
3.119350,-0.026045,-0.005989
3.121277,0.023624,-0.006844
3.122998,-0.030756,-0.005989
3.124703,0.023874,-0.006417
3.126057,-0.014510,-0.005989
3.127357,0.014929,-0.005989
3.128652,0.008716,-0.005989
3.130271,-0.031490,-0.004706
3.131546,-0.011033,-0.004278
3.132669,0.003083,-0.004278
3.133653,-0.052623,-0.002567
3.134640,-0.047770,-0.000856
3.135239,-0.048015,0.000428
3.135452,-0.033949,0.001283
3.135453,-0.034287,0.002139
3.135445,-0.021359,0.002567
3.135255,-0.027703,0.002994
3.135126,-0.010729,0.002994
3.135242,0.011340,0.002139
3.135337,-0.091881,0.004278
3.135179,0.016857,0.003422
3.134683,-0.054186,0.004278
3.133561,0.008058,0.003850
3.132123,0.011031,0.003422
3.131074,0.007458,0.003422
3.130810,-0.001387,0.003422
3.130750,-0.032840,0.003850
3.130327,-0.019154,0.003850
3.129657,0.014425,0.002994
3.129220,0.018505,0.002139
3.129524,-0.023924,0.002567
3.129679,-0.034864,0.002994
3.129884,0.024383,0.001711
3.130471,-0.052295,0.002567
3.131200,0.007255,0.001711
3.131893,-0.047090,0.002139
3.132653,-0.007509,0.001711
3.133316,-0.016121,0.001283
3.133635,-0.036202,0.001711
3.133945,-0.039611,0.002567
3.134013,0.010945,0.001711
3.134257,-0.003456,0.001283
3.134640,-0.028918,0.001711
3.135124,0.012838,0.000856
3.135667,-0.021936,0.000856
3.136142,-0.014480,0.000856
3.136773,0.013291,0.000000
3.137348,-0.019272,0.000000
3.138121,-0.051446,0.001283
3.138704,0.012046,0.000428
3.139150,-0.020984,0.000428
3.139443,-0.009050,0.000428
3.139777,0.005714,0.000000
3.140072,-0.009861,-0.000000
3.140285,-0.018879,0.000428
3.140361,-0.003742,0.000428
3.140324,0.037782,-0.000856
3.140211,-0.030279,0.000000
3.139838,0.010623,0.000000
3.139066,-0.021308,0.000856
3.137965,0.018405,0.000856
3.136913,0.016465,0.000856
3.136234,-0.012207,0.001711
3.135713,0.021253,0.001283
3.134815,-0.002039,0.001283
3.133785,-0.000591,0.001711
3.132907,0.013125,0.001711
3.132339,0.019755,0.001283
3.131990,-0.000498,0.001283
3.131209,-0.000795,0.001283
3.130190,-0.003829,0.001711
3.129293,0.013668,0.001711
3.128271,0.034057,0.000856
3.127331,-0.017465,0.001711
3.126512,0.015166,0.001711
3.125601,0.017751,0.001283
3.124414,-0.019302,0.002139
3.123217,0.032601,0.001711
3.121877,0.022786,0.001283
3.120592,0.032112,0.000856
3.119319,0.003611,0.001283
3.118005,0.035349,0.000856
3.116720,0.003529,0.001283
3.115673,0.021678,0.001283
3.114327,-0.002915,0.001711
3.112681,0.035640,0.001283
3.111010,0.008530,0.001711
3.109638,0.040882,0.001283
3.108206,0.014286,0.001283
3.106696,0.022645,0.001283
3.105526,0.050406,0.000428
3.104446,-0.000748,0.000856
3.102901,0.034850,0.000428
3.100986,0.040629,0.000000
3.098976,0.009755,0.000856
3.097040,0.083501,-0.000428
3.094982,0.002473,0.000428
3.092635,0.047865,0.000428
3.089828,0.029487,0.000856
3.086755,0.084495,0.000000
3.083775,0.041562,0.000428
3.080704,0.074973,0.000000
3.077276,0.043952,0.000428
3.073693,0.071645,0.000428
3.070025,0.082436,0.000000
3.066330,0.071008,0.000000
3.062843,0.102614,-0.000856
3.060175,0.081763,-0.001283
3.059419,0.097696,-0.002567
3.061181,0.055258,-0.003850
3.064842,0.012574,-0.005133
3.069701,-0.000536,-0.006844
3.075107,-0.070306,-0.006844
3.081110,-0.052149,-0.007272
3.087355,-0.054591,-0.008128
3.092867,-0.081558,-0.008128
3.098174,-0.042214,-0.008556
3.104006,-0.071923,-0.008128
3.109965,-0.080705,-0.007700
3.115499,-0.070889,-0.007700
3.120581,-0.048745,-0.008128
3.125481,-0.053823,-0.008128
3.130710,-0.089911,-0.006844
3.136110,-0.042671,-0.007272
3.140900,-0.069829,-0.007272
3.145336,-0.061529,-0.006844
3.149439,-0.030013,-0.007272
3.153343,-0.040492,-0.007272
3.157148,-0.032799,-0.007272
3.161412,-0.032281,-0.007272
3.166177,-0.043955,-0.007272
3.171445,-0.039569,-0.007700
3.176721,-0.078067,-0.007272
3.182063,-0.057641,-0.007272
3.187396,-0.036566,-0.008128
3.193065,-0.105221,-0.006844
3.199226,-0.063759,-0.006844
3.205467,-0.184678,-0.003850
3.211795,-0.122301,-0.002567
3.216999,-0.206146,0.000428
3.216846,-0.151025,0.002567
3.214895,0.051174,0.001711
3.212962,-0.046923,0.003850
3.211276,-0.052355,0.006417
3.208685,-0.034608,0.007700
3.204607,0.029824,0.007272
3.200162,-0.002027,0.008556
3.195827,0.033627,0.008983
3.191597,0.032476,0.008983
3.186893,0.016143,0.009411
3.180938,0.015026,0.010267
3.174318,0.054291,0.010694
3.167795,0.113609,0.009411
3.161622,0.035744,0.010267
3.155402,0.068425,0.010267
3.148877,0.047244,0.010694
3.142314,0.085067,0.010267
3.136414,0.079561,0.009839
3.130797,0.095499,0.008556
3.125164,0.024057,0.009411
3.119473,0.092300,0.008556
3.113896,-0.001223,0.010267
3.108716,0.090909,0.009411
3.103826,0.035776,0.009411
3.098992,0.014673,0.010267
3.094425,0.082113,0.008983
3.089952,0.025863,0.008983
3.085397,0.107842,0.006844
3.080821,0.035097,0.006844
3.075801,0.124233,0.004706
3.070388,0.086707,0.003850
3.065440,0.028783,0.005561
3.061377,0.116896,0.004278
3.057196,0.109730,0.002139
3.052801,0.102713,0.000856
3.049248,0.091619,0.000428
3.046772,0.090499,-0.000428
3.045108,0.112160,-0.002567
3.045573,0.102335,-0.004706
3.048726,0.039524,-0.005989
3.054363,-0.002216,-0.007272
3.060845,-0.016263,-0.009411
3.067491,-0.045693,-0.010694
3.074823,-0.074542,-0.010694
3.082881,-0.070374,-0.011122
3.090588,-0.072498,-0.011978
3.097428,-0.084626,-0.011978
3.104169,-0.087674,-0.011122
3.111240,-0.062929,-0.011122
3.118465,-0.105520,-0.010267
3.125203,-0.048996,-0.011122
3.131598,-0.058768,-0.011550
3.137687,-0.100344,-0.010267
3.143877,-0.021795,-0.011122
3.150480,-0.065952,-0.011122
3.157485,-0.079020,-0.010694
3.164449,-0.088975,-0.010267
3.171251,-0.074645,-0.010267
3.178155,-0.060263,-0.010694
3.185236,-0.119219,-0.009411
3.192327,-0.076297,-0.009411
3.199538,-0.129491,-0.008128
3.206850,-0.128573,-0.006844
3.212543,-0.141002,-0.005561
3.213979,-0.064889,-0.005561
3.213779,0.008557,-0.005133
3.213129,-0.028286,-0.002994
3.212516,-0.023714,-0.000856
3.210419,-0.083892,0.002567
3.207038,0.026881,0.003422
3.202711,-0.003705,0.005133
3.197938,-0.012963,0.007700
3.192470,-0.004769,0.009839
3.186690,0.064321,0.009839
3.180159,0.040466,0.010267
3.173339,0.048254,0.011122
3.167050,0.047040,0.011978
3.160712,0.069522,0.011550
3.154131,0.026236,0.012406
3.147627,0.120899,0.010694
3.141485,0.009701,0.011978
3.135801,0.103355,0.010694
3.130363,0.049557,0.010267
3.124986,0.046400,0.010267
3.119903,0.017729,0.011122
3.115360,0.053166,0.010694
3.110981,0.005770,0.011122
3.106692,0.038570,0.010694
3.102705,0.003128,0.011122
3.098934,0.043359,0.010267
3.094922,0.006088,0.010267
3.090559,0.063680,0.008983
3.085920,0.081395,0.007272
3.081274,0.068723,0.006417
3.076641,0.036688,0.006844
3.072041,0.055323,0.006844
3.067325,0.091677,0.005561
3.062086,0.080951,0.004706
3.056388,0.131293,0.002994
3.050697,0.114862,0.002139
3.045523,0.153318,0.000428
3.042831,0.171342,-0.002139
3.043860,0.095769,-0.003850
3.047369,0.034558,-0.005561
3.052576,0.014860,-0.007700
3.058813,-0.034559,-0.008983
3.066222,-0.052071,-0.009839
3.073638,-0.098539,-0.009839
3.080758,-0.072802,-0.010267
3.087750,-0.082721,-0.010267
3.094773,-0.062972,-0.010694
3.101447,-0.121520,-0.009411
3.107772,-0.037483,-0.010267
3.113990,-0.113752,-0.008983
3.120236,-0.031261,-0.009839
3.126530,-0.088636,-0.009411
3.132333,-0.064366,-0.009411
3.137793,-0.072206,-0.008983
3.142912,-0.050858,-0.008983
3.148310,-0.033764,-0.009411
3.153825,-0.083877,-0.008556
3.159780,-0.038479,-0.008983
3.166238,-0.085921,-0.008556
3.172560,-0.033706,-0.009839
3.178876,-0.117861,-0.008556
3.185318,-0.063883,-0.008556
3.191916,-0.136794,-0.006844
3.198417,-0.106997,-0.005989
3.202843,-0.118658,-0.005133
3.203598,-0.069988,-0.004278
3.202877,0.003341,-0.003422
3.201305,-0.040783,-0.000856
3.199917,-0.027440,0.001711
3.198058,-0.068878,0.004706
3.194327,-0.027078,0.006417
3.189172,0.010305,0.007700
3.183142,0.026819,0.008983
3.177112,0.048862,0.009839
3.171337,0.036721,0.010694
3.165690,0.054955,0.010694
3.160290,0.033060,0.011122
3.155157,0.043203,0.011122
3.150439,0.033925,0.011122
3.145923,0.067819,0.009839
3.141486,0.007792,0.010267
3.137046,0.059935,0.009411
3.132827,0.039099,0.008983
3.128923,0.028148,0.008983
3.125345,0.023048,0.008983
3.122040,-0.011793,0.009839
3.118738,0.025755,0.009411
3.115444,-0.022674,0.010267
3.112368,0.053019,0.008983
3.109479,-0.046102,0.010267
3.106601,0.048833,0.008983
3.103553,-0.022042,0.009411
3.100495,0.081115,0.007272
3.097533,0.029067,0.006417
3.094643,0.060467,0.005133
3.091601,0.004352,0.005561
3.088407,0.047317,0.005133
3.085218,0.043332,0.004706
3.082046,0.089427,0.002994
3.078748,0.076093,0.001711
3.075332,0.050436,0.001711
3.071843,0.073972,0.001283
3.068296,0.086981,0.000428
3.064575,0.091558,-0.000428
3.060686,0.087231,-0.000856
3.056675,0.067836,-0.000428
3.052555,0.100593,-0.000856
3.048298,0.140142,-0.002567
3.044837,0.090396,-0.002567
3.044310,0.083167,-0.002567
3.045850,0.039266,-0.003422
3.047899,-0.008957,-0.003850
3.050824,0.021833,-0.005133
3.054404,-0.040363,-0.005133
3.058697,-0.026852,-0.005561
3.063147,-0.031027,-0.006417
3.067362,-0.027463,-0.007272
3.071657,-0.015986,-0.008128
3.076440,-0.042462,-0.008128
3.081618,-0.075874,-0.007272
3.086920,-0.055753,-0.007272
3.091749,-0.036043,-0.008128
3.095956,-0.050737,-0.008128
3.100111,-0.031327,-0.008128
3.104891,-0.062961,-0.007272
3.109583,-0.035062,-0.007700
3.113895,-0.064741,-0.007272
3.117676,-0.008870,-0.008128
3.121291,-0.031351,-0.008128
3.125154,0.006542,-0.008983
3.129381,-0.100818,-0.006844
3.133808,-0.028672,-0.006844
3.137920,-0.024262,-0.007700
3.141693,-0.038960,-0.007700
3.145309,-0.012688,-0.008128
3.149438,-0.054184,-0.007272
3.154095,-0.034948,-0.007272
3.159265,-0.095096,-0.005989
3.164609,-0.060293,-0.005989
3.169915,-0.129524,-0.004278
3.175248,-0.081796,-0.003850
3.180661,-0.139878,-0.002139
3.186067,-0.167888,0.000428
3.189334,-0.123974,0.001283
3.189640,-0.073974,0.001711
3.188974,-0.015596,0.002139
3.187437,-0.009414,0.002567
3.185600,-0.062215,0.005133
3.183339,-0.032563,0.006844
3.180717,0.027448,0.006417
3.176942,-0.003581,0.006844
3.172326,0.016145,0.007700
3.166964,0.025745,0.008556
3.161526,0.049539,0.008983
3.156576,0.098057,0.007700
3.152196,0.013119,0.008556
3.148403,0.070049,0.007700
3.144666,-0.008773,0.008556
3.140927,0.045551,0.008128
3.137158,-0.021062,0.009411
3.133735,0.112952,0.006844
3.130805,0.005347,0.006844
3.128096,0.020565,0.006844
3.125267,-0.002887,0.007272
3.122351,-0.025007,0.008556
3.119554,0.057015,0.007272
3.116824,-0.013230,0.007700
3.114048,0.013828,0.007700
3.111189,-0.005916,0.008128
3.108467,0.053937,0.006844
3.105825,-0.011110,0.007272
3.103103,0.056265,0.005989
3.100263,0.036697,0.005133
3.097402,0.065130,0.003850
3.094484,0.012143,0.004278
3.091536,0.051891,0.003850
3.088553,0.017716,0.004278
3.085472,0.094036,0.002567
3.082264,0.075857,0.001283
3.078968,0.065452,0.000856
3.075595,0.073570,0.000428
3.072073,0.062642,0.000428
3.068380,0.097181,-0.000428
3.064549,0.085087,-0.000856
3.060569,0.052951,0.000000
3.056372,0.142356,-0.001711
3.051991,0.067903,-0.001283
3.047389,0.172290,-0.003422
3.045677,0.139233,-0.004706
3.049054,0.028845,-0.004278
3.054271,-0.032006,-0.005133
3.059197,-0.070133,-0.005561
3.063396,-0.063824,-0.005561
3.067313,-0.005192,-0.006844
3.071498,-0.003467,-0.008128
3.075780,-0.070866,-0.007272
3.080462,-0.006543,-0.008128
3.085501,-0.082576,-0.007272
3.090472,-0.064501,-0.006844
3.095036,-0.042685,-0.007272
3.099044,-0.062826,-0.006844
3.102833,-0.018918,-0.007272
3.106189,-0.035460,-0.007272
3.109272,-0.034283,-0.006844
3.112582,0.010961,-0.007700
3.116140,-0.069781,-0.006417
3.119629,-0.009062,-0.006844
3.123185,-0.019689,-0.007272
3.126621,-0.057361,-0.006417
3.129778,-0.023167,-0.006417
3.132518,-0.024938,-0.006417
3.134963,-0.000006,-0.006844
3.137244,-0.009748,-0.006844
3.139605,-0.003143,-0.006844
3.141683,-0.006839,-0.006844
3.143922,-0.040711,-0.005561
3.146523,-0.003819,-0.005561
3.149744,-0.106285,-0.002994
3.152647,-0.086981,-0.001283
3.155506,0.001003,-0.002567
3.158243,-0.122634,-0.000428
3.160964,-0.020108,-0.000856
3.163305,-0.140652,0.001711
3.165498,-0.035671,0.001711
3.167390,-0.142775,0.004278
3.168842,-0.071181,0.005133
3.167893,-0.098944,0.006417
3.164204,0.028730,0.005561
3.159615,0.057324,0.005133
3.155005,0.033891,0.005989
3.150851,0.047946,0.006417
3.146852,0.001675,0.007700
3.142757,0.069882,0.006844
3.138946,0.047284,0.006417
3.135336,0.021193,0.006844
3.131725,0.061553,0.005989
3.127660,0.029737,0.005989
3.123348,0.035326,0.006417
3.118981,0.092776,0.005133
3.115442,0.061146,0.004706
3.113065,0.023736,0.005133
3.110904,-0.013102,0.005989
3.108195,-0.015513,0.006844
3.105218,0.020376,0.006844
3.102248,0.017882,0.006844
3.099193,0.046332,0.005989
3.095741,0.005684,0.006417
3.091766,0.064790,0.005561
3.087477,0.083213,0.004278
3.082966,0.026162,0.005133
3.078999,0.095865,0.004278
3.075756,-0.013134,0.005989
3.072144,0.081586,0.004706
3.067904,0.020312,0.005133
3.063272,0.132474,0.002994
3.058312,0.157696,-0.000000
3.054304,0.098145,-0.000428
3.053086,0.092761,-0.000856
3.053285,-0.000706,-0.000428
3.053442,0.054350,-0.002139
3.054112,0.054182,-0.003850
3.055581,0.040276,-0.005133
3.058062,0.005507,-0.005561
3.061549,-0.021768,-0.005561
3.065540,-0.026064,-0.005989
3.070041,-0.048391,-0.005989
3.074565,-0.055472,-0.005989
3.078596,-0.026271,-0.006844
3.082160,-0.070826,-0.005989
3.086043,-0.012191,-0.006417
3.089998,-0.059974,-0.005989
3.093795,-0.024786,-0.006417
3.097145,-0.012634,-0.007272
3.100083,0.001942,-0.008128
3.103640,-0.012962,-0.008128
3.107388,-0.080605,-0.006417
3.110838,0.002932,-0.007272
3.113649,-0.032541,-0.007272
3.116499,-0.035343,-0.006417
3.119571,-0.028069,-0.005989
3.122586,-0.010803,-0.006417
3.125266,-0.010530,-0.006844
3.127600,-0.012979,-0.006844
3.130144,-0.017606,-0.006417
3.132851,0.003038,-0.006844
3.135004,-0.073045,-0.005133
3.137288,-0.010579,-0.004706
3.139881,-0.061089,-0.003422
3.142343,0.004317,-0.004278
3.144700,-0.058644,-0.003422
3.146827,-0.060283,-0.002139
3.149303,-0.007857,-0.002567
3.152107,-0.082766,-0.001283
3.155105,-0.067502,-0.000428
3.158356,-0.068771,0.000000
3.161982,-0.036100,-0.000856
3.165962,-0.103375,0.000000
3.170627,-0.087482,0.000428
3.175695,-0.139959,0.001711
3.181165,-0.174297,0.003850
3.186233,-0.121808,0.003850
3.189951,-0.139179,0.004278
3.191593,-0.090044,0.004278
3.192356,-0.092419,0.005561
3.192439,-0.079388,0.006844
3.191755,-0.019438,0.006417
3.190202,-0.082221,0.008128
3.187739,-0.001250,0.008128
3.184647,-0.013150,0.008556
3.181012,0.002476,0.008983
3.176730,0.008898,0.009411
3.171944,0.020265,0.009839
3.166805,0.054762,0.009411
3.161383,0.030042,0.009839
3.155916,0.026271,0.010694
3.150591,0.049895,0.010694
3.145540,0.040237,0.010694
3.140693,0.063802,0.009839
3.136366,-0.010807,0.011122
3.132356,0.041513,0.010694
3.128801,-0.004632,0.011122
3.125766,-0.049397,0.012833
3.123333,-0.007978,0.012833
3.121620,-0.019758,0.012406
3.120626,-0.045593,0.012406
3.120305,-0.084976,0.013261
3.120502,-0.070267,0.013261
3.121090,-0.101084,0.013689
3.121784,-0.078243,0.013261
3.122533,-0.055564,0.011978
3.123311,-0.095036,0.011978
3.124081,-0.099611,0.012406
3.124740,-0.143414,0.014117
3.125220,-0.156291,0.016256
3.125625,-0.122696,0.017111
3.126253,-0.205805,0.020105
3.126953,-0.240676,0.023956
3.126676,-0.290564,0.028661
3.125694,-0.344663,0.035078
3.125248,-0.137827,0.034650
3.125069,-0.354955,0.038928
3.124937,-0.254369,0.040639
3.124802,-0.420105,0.046200
3.124958,-0.181826,0.044489
3.124968,-0.279290,0.044061
3.124909,-0.345267,0.046628
3.124895,-0.290051,0.047483
3.124745,-0.241916,0.046200
3.124574,-0.339027,0.047911
3.124408,-0.242601,0.047055
3.124348,-0.316932,0.047911
3.123930,-0.293015,0.048339
3.123442,-0.237464,0.047056
3.123077,-0.394051,0.050478
3.122654,-0.215040,0.048766
