3.128688,-3.022923,1,1,0.281209,-0.281209,0.001027,-0.000000,0.000000,0.000000,0.000000,0.000000,0.000000,-1.500000,0.000000,-0.540958,0.025667,0,-0.144756,-0.092956,0.000000,0.000000,-1.500000,-0.000113,0.000000,0.000000,0.000000,-0.541175,0.000000
3.149629,-3.030374,1,-4,-0.600842,-0.040436,0.002952,0.000016,-0.004000,0.000000,0.000000,0.000000,0.000000,-1.500000,0.000000,-0.538133,-0.038500,0,-0.128643,-0.238628,0.000000,0.000000,-1.500000,-0.001859,-0.006417,-0.001859,-0.004000,-0.542618,-0.185895
3.141134,-3.124874,2,-7,-0.017297,-0.714348,-0.002172,0.000297,-0.093734,0.000000,0.000000,0.000000,0.000000,-1.500000,0.000000,-0.442855,-0.064167,0,-0.025772,-0.311792,0.000000,0.000000,-1.500000,-0.008453,-0.011550,-0.011550,-0.093734,-0.539190,-1.154997
3.160065,3.020324,2,-9,-0.440021,0.051464,-0.006350,0.000975,-0.208468,0.000000,0.000000,0.000000,0.000000,-1.500000,0.000000,-0.326907,-0.089833,0,-0.075789,-0.028305,-0.000000,0.000000,-1.500000,-0.009018,-0.014117,-0.009018,-0.208468,-0.536975,-0.901771
3.132872,2.926378,-3,-9,-0.280097,0.141837,-0.020121,0.004601,-0.305543,0.000000,0.000000,0.000000,0.000000,-1.122335,0.000000,-0.224467,-0.154000,0,-0.042577,-0.063561,-0.000000,0.000000,-1.122335,-0.006972,-0.007700,-0.007700,-0.305543,-0.531513,-0.769998
3.109837,2.856123,-4,-6,0.166681,-0.295564,-0.037548,0.010736,-0.384044,0.000000,0.000000,0.000000,0.000000,-0.705021,0.000000,-0.141004,-0.128333,0,0.009007,-0.073416,-0.000000,0.000000,-0.705021,-0.008257,-0.002567,-0.008257,-0.384044,-0.526708,-0.825715
3.129154,2.791695,-2,-5,-0.376811,0.198492,-0.046838,0.014793,-0.452727,0.000000,0.000000,0.000000,0.000000,-0.353688,0.000000,-0.070738,-0.089833,0,0.047031,-0.056631,-0.000000,0.000000,-0.353688,-0.008807,-0.003850,-0.008807,-0.452727,-0.525152,-0.880742
3.157444,2.721473,-4,-7,-0.516714,0.552419,-0.056343,0.019874,-0.531063,0.000000,0.000000,0.000000,0.700000,-0.092570,0.758347,-0.018514,-0.141166,1,0.111195,0.009583,0.000000,0.700000,-0.092570,-0.010464,-0.003850,-0.010464,-0.531063,-0.524665,-1.046395
3.017830,2.700762,-22,-20,0.678176,-0.495720,-0.097086,0.045482,-0.564872,0.000000,0.000000,0.000000,0.700000,-0.092570,0.806439,-0.018514,-0.538999,1,-0.032499,0.040457,-0.000000,0.700000,-0.092570,0.001180,0.002567,0.002567,-0.564872,-0.526842,0.256666
2.880092,2.777190,-12,-4,0.453506,-0.391147,-0.128086,0.064142,-0.487744,0.000000,0.000000,0.000000,0.700000,-0.092570,0.842618,-0.018514,-0.205333,1,-0.101645,-0.038083,0.000000,0.700000,-0.092570,0.009051,0.010267,0.010267,-0.487744,-0.527485,1.026664
2.842580,2.836609,2,0,0.471496,-0.764367,-0.131505,0.065912,-0.444111,0.000000,0.000000,0.000000,0.700000,-0.092570,0.846463,-0.018514,0.025667,1,0.032362,-0.078980,0.000000,0.700000,-0.092570,-0.000507,-0.002567,-0.002567,-0.444111,-0.527259,-0.256666
2.850872,2.784952,14,12,0.538252,-0.555179,-0.108340,0.053999,-0.499807,0.000000,0.000000,0.000000,0.700000,-0.092570,0.820452,-0.018514,0.333666,1,0.016753,-0.023602,-0.000000,0.700000,-0.092570,-0.006062,-0.002567,-0.002567,-0.499807,-0.528918,-0.256666
2.886944,2.754251,26,25,0.454257,-0.424719,-0.061709,0.027485,-0.524597,0.000000,0.000000,0.000000,0.700000,-0.092570,0.766814,-0.018514,0.654498,1,0.007570,0.001000,-0.000000,0.700000,-0.092570,-0.001048,-0.001283,-0.001283,-0.524597,-0.529751,-0.128333
2.952128,2.772386,28,32,0.421209,-0.353422,0.004362,-0.010534,-0.504657,0.000000,0.000000,0.000000,0.690588,-0.092570,0.690588,-0.018514,0.769998,1,-0.050112,-0.020117,0.000000,0.690588,-0.092570,0.005146,0.005133,0.005133,-0.504657,-0.530588,0.513332
3.034640,2.800477,34,35,0.277438,-0.405279,0.093444,-0.057847,-0.481557,0.000000,0.000000,0.000000,0.589827,-0.092570,0.589827,-0.018514,0.885498,1,-0.016055,-0.042521,-0.000000,0.589827,-0.092570,0.001828,0.001283,0.001283,-0.481557,-0.537831,0.128333
3.116870,2.796672,40,39,0.310769,-0.457706,0.186689,-0.105787,-0.482841,0.000000,0.000000,0.000000,0.485232,-0.092570,0.485232,-0.018514,1.013831,1,0.005151,-0.040805,-0.000000,0.485232,-0.092570,-0.001516,-0.001283,-0.001283,-0.482841,-0.551424,-0.128333
3.216000,2.780694,42,38,-0.281678,0.268118,0.280689,-0.156154,-0.499034,0.000000,0.000000,0.000000,0.378831,-0.092570,0.378831,-0.018514,1.026664,1,-0.044275,-0.025621,-0.000000,0.378831,-0.092570,0.002515,-0.005133,0.002515,-0.499034,-0.568173,0.251484
3.281011,2.778408,36,34,-0.288090,0.297325,0.367036,-0.203407,-0.497358,0.000000,0.000000,0.000000,0.140351,-0.092570,0.280702,-0.018514,0.898331,1,-0.063107,-0.027682,-0.000000,0.140351,-0.092570,0.004694,-0.002567,0.004694,-0.497358,-0.591809,0.469375
3.308601,2.788111,31,29,-0.299355,0.279622,0.439717,-0.242478,-0.478888,0.000000,0.000000,0.000000,0.099375,-0.092570,0.198751,-0.018514,0.769998,2,-0.082750,-0.046553,-0.000000,0.099375,-0.092570,0.007396,-0.002567,0.007396,-0.478888,-0.632672,0.739622
3.334486,2.787148,24,25,-0.436887,0.355023,0.502464,-0.275082,-0.487498,0.000000,0.000000,0.000000,0.099375,1.500000,0.198751,0.652289,0.628832,0,0.220114,0.103242,0.000000,0.099375,1.500000,-0.006267,0.001283,-0.006267,-0.487498,0.159894,-0.626683
3.330003,2.876800,6,21,-0.949555,1.000000,0.553357,-0.301533,-0.396390,0.000000,0.000000,0.000000,0.099375,1.500000,0.198751,0.747271,0.346499,0,-0.119748,0.170193,0.000000,0.099375,1.500000,0.027222,0.019250,0.027222,-0.396390,0.353720,2.722239
3.262595,3.094247,5,22,-0.573144,0.642060,0.576511,-0.308175,-0.183571,0.000000,0.000000,0.000000,0.099375,1.500000,0.198751,0.625230,0.346499,0,-0.073854,0.108312,-0.000000,0.099375,1.500000,0.021198,0.021817,0.021817,-0.183571,0.443551,2.181662
3.290498,-2.990774,1,15,-0.942545,1.000000,0.601987,-0.311047,-0.010322,0.000000,0.000000,0.000000,0.099375,1.500000,0.198751,0.550145,0.205333,0,-0.028533,0.085988,0.000000,0.099375,1.500000,0.018488,0.017967,0.017967,-0.010322,0.541911,1.796662
3.255923,-2.874567,-3,2,-0.794271,1.000000,0.599294,-0.311136,0.102179,0.000000,0.000000,0.000000,0.099375,1.500000,0.198751,0.428801,-0.012833,0,0.080026,0.125703,-0.000000,0.099375,1.500000,0.006420,0.006417,0.006417,0.102179,0.532542,0.641665
3.208156,-2.759989,-12,0,-0.879562,1.000000,0.582298,-0.313680,0.226399,0.000000,0.000000,0.000000,0.099375,1.305921,0.198751,0.261184,-0.154000,0,-0.025780,0.146217,-0.000000,0.099375,1.305921,0.016070,0.015400,0.015400,0.226399,0.491304,1.539996
3.175274,-2.587694,-15,-4,-1.000000,0.951252,0.558933,-0.320984,0.394307,0.000000,0.000000,0.000000,0.099375,0.343092,0.198751,0.068618,-0.243833,0,-0.100894,0.052146,0.000000,0.099375,0.343092,0.017419,0.014117,0.014117,0.394307,0.465880,1.411663
3.125373,-2.441547,-17,-7,-1.000000,0.541540,0.531948,-0.334668,0.547356,0.000000,0.000000,0.000000,0.096293,-1.500000,0.192587,-0.900449,-0.307999,0,-0.282721,-0.175738,-0.000000,0.096293,-1.500000,0.011640,0.012833,0.012833,0.547356,-0.356351,1.283330
3.087380,-2.519631,4,-15,-0.481182,0.278699,0.503026,-0.352789,0.465426,0.000000,0.000000,0.000000,0.096293,-1.500000,0.192587,-0.531973,-0.141166,0,0.147392,-0.250024,-0.000000,0.096293,-1.500000,-0.030069,-0.024383,-0.030069,0.465426,-0.074220,-3.006864
3.118174,-2.747872,-5,-19,-0.597980,0.338166,0.482165,-0.360246,0.238661,0.000000,0.000000,0.000000,0.096293,-1.157108,0.192587,-0.231422,-0.307999,0,0.068767,-0.168236,0.000000,0.096293,-1.157108,-0.020785,-0.017967,-0.017967,0.238661,0.002084,-1.796662
3.107111,-2.951196,-10,-23,-0.339087,0.746863,0.451591,-0.364433,0.024345,0.000000,0.000000,0.000000,0.074238,-0.034455,0.148475,-0.006891,-0.423499,2,0.153754,0.001465,-0.000000,0.074238,-0.034455,-0.019766,-0.016683,-0.016683,0.024345,0.029862,-1.668329
3.069575,-3.033989,-19,-16,0.030029,0.735253,0.414275,-0.363363,-0.058416,0.000000,0.000000,0.000000,0.074238,1.500000,0.148475,0.645012,-0.449166,0,0.152623,0.219204,-0.000000,0.074238,1.500000,-0.000795,0.003850,-0.000795,-0.058416,0.587427,-0.079489
3.051011,-2.900838,-23,0,-0.159938,0.401797,0.380943,-0.362473,0.083464,0.000000,0.000000,0.000000,0.074238,1.500000,0.148475,0.469217,-0.295166,0,-0.152796,0.221086,-0.000000,0.074238,1.500000,0.025608,0.029517,0.029517,0.083464,0.559298,2.951660
3.065569,-2.647806,-20,0,-0.201844,0.242408,0.356778,-0.367588,0.335205,0.000000,0.000000,0.000000,0.074238,1.037950,0.148475,0.207590,-0.256666,0,-0.110256,0.108367,-0.000000,0.074238,1.037950,0.021178,0.025667,0.021178,0.335205,0.547285,2.117753
3.066846,-2.407072,-12,-3,-0.664895,0.051447,0.333883,-0.378462,0.582645,0.000000,0.000000,0.000000,0.700000,-0.016548,0.731612,-0.003310,-0.192500,1,-0.243490,-0.100232,-0.000000,0.700000,-0.016548,0.022692,0.011550,0.022692,0.582645,0.543693,2.269220
3.054379,-2.337035,-18,-18,-1.000000,0.787284,0.311001,-0.395422,0.650813,0.000000,0.000000,0.000000,0.700000,-0.016548,0.759972,-0.003310,-0.461999,1,0.072615,-0.161944,0.000000,0.700000,-0.016548,-0.006643,0.000000,-0.006643,0.650813,0.547215,-0.664306
2.899310,-2.518124,-12,-23,0.443277,-0.003465,0.273028,-0.421440,0.476420,0.000000,0.000000,0.000000,0.700000,-0.016548,0.805942,-0.003310,-0.449166,1,0.354607,0.018208,0.000000,0.700000,-0.016548,-0.035058,-0.014117,-0.035058,0.476420,0.550269,-3.505826
2.860937,-2.593426,8,6,0.334102,-0.249227,0.268365,-0.423888,0.403098,0.000000,0.000000,0.000000,0.700000,-0.016548,0.811197,-0.003310,0.179666,1,0.041886,0.085144,0.000000,0.700000,-0.016548,-0.000285,-0.002567,-0.002567,0.403098,0.549835,-0.256666
2.833521,-2.540826,9,11,0.699147,-0.715102,0.277651,-0.419514,0.462000,0.000000,0.000000,0.000000,0.700000,-0.016548,0.800994,-0.003310,0.256666,1,-0.085872,0.023632,-0.000000,0.700000,-0.016548,0.006748,0.002567,0.006748,0.462000,0.551237,0.674772
2.838515,-2.497072,21,22,0.888697,-1.000000,0.314230,-0.400023,0.508920,0.000000,0.000000,0.000000,0.700000,-0.016548,0.759629,-0.003310,0.551832,1,-0.005952,-0.021656,0.000000,0.700000,-0.016548,0.002865,0.001283,0.001283,0.508920,0.554599,0.128333
2.910225,-2.511621,32,33,0.990767,-0.926042,0.378257,-0.364917,0.490572,0.000000,0.000000,0.000000,0.686723,-0.016548,0.686723,-0.003310,0.834165,1,0.041609,-0.002336,0.000000,0.686723,-0.016548,-0.002948,0.001283,-0.002948,0.490572,0.560238,-0.294805
3.001818,-2.502833,37,39,0.740980,-0.788289,0.460005,-0.320757,0.503406,0.000000,0.000000,0.000000,0.594037,-0.016548,0.594037,-0.003310,0.975331,1,-0.028966,-0.016611,-0.000000,0.594037,-0.016548,-0.000138,0.002567,0.002567,0.503406,0.570391,0.256666
3.092168,-2.504092,40,41,0.529143,-0.564752,0.547196,-0.272377,0.506616,0.000000,0.000000,0.000000,0.494567,-0.016548,0.494567,-0.003310,1.039498,1,0.029911,-0.018618,0.000000,0.494567,-0.016548,-0.002949,0.001283,-0.002949,0.506616,0.583249,-0.294924
3.160367,-2.507504,43,44,0.633124,-0.595316,0.635198,-0.224407,0.496722,0.000000,0.000000,0.000000,0.394784,-0.016548,0.394784,-0.003310,1.116497,1,-0.012413,-0.009588,0.000000,0.394784,-0.016548,-0.000748,0.001283,0.001283,0.496722,0.604595,0.128333
3.238503,-2.512043,39,40,0.339132,-0.437346,0.723463,-0.176382,0.503138,0.000000,0.000000,0.000000,0.147530,-0.016548,0.295060,-0.003310,1.013831,1,-0.012434,-0.016005,0.000000,0.147530,-0.016548,-0.000899,0.001283,0.001283,0.503138,0.640733,0.128333
3.278414,-2.531978,35,33,0.366280,-0.264680,0.798539,-0.135536,0.484300,0.000000,0.000000,0.000000,0.102020,-0.016548,0.204040,-0.003310,0.692998,1,0.024456,0.006153,-0.000000,0.102020,-0.016548,-0.005576,-0.002567,-0.002567,0.481733,0.705543,-0.256666
3.314273,-2.548896,29,30,-0.058670,0.530550,0.869568,-0.099398,0.466626,0.000000,0.000000,0.000000,0.098270,1.500000,0.196540,0.912057,0.757165,0,0.133454,0.143487,-0.000000,0.098270,1.500000,0.003039,0.001283,0.001283,0.466626,1.376432,0.128333
3.321554,-2.373955,9,26,0.390443,-0.208085,0.914838,-0.073727,0.640341,0.000000,0.000000,0.000000,0.098270,1.500000,0.196540,0.822894,0.449166,0,-0.112825,0.114742,0.000000,0.098270,1.500000,0.026772,0.021817,0.026772,0.640341,1.467045,2.677250
3.321813,-2.136146,0,12,0.330426,-0.409092,0.940230,-0.051208,0.876984,0.000000,0.000000,0.000000,0.098270,1.500000,0.196540,0.643467,0.154000,0,0.015330,0.030716,0.000000,0.098270,1.500000,0.018559,0.015400,0.015400,0.876984,1.522755,1.539996
3.280933,-1.989158,-2,1,0.341026,-0.254463,0.945784,-0.044147,1.020537,0.000000,0.000000,0.000000,0.098270,1.500000,0.196540,0.512004,-0.012833,0,0.000658,0.036863,-0.000000,0.098270,1.500000,0.014488,0.003850,0.014488,1.020537,1.535636,1.448834
3.240977,-1.936790,-2,1,-0.088866,0.551043,0.945141,-0.045258,1.073233,0.000000,0.000000,0.000000,0.098270,1.500000,0.196540,0.457189,-0.012833,0,-0.030398,0.133533,-0.000000,0.098270,1.500000,0.016665,0.003850,0.016665,1.073233,1.534146,1.666462
3.194509,-1.836169,-12,0,0.469152,0.050614,0.939630,-0.056701,1.175905,0.000000,0.000000,0.000000,0.098270,1.500000,0.196540,0.342746,-0.154000,0,0.000981,0.196502,0.000000,0.098270,1.500000,0.013035,0.015400,0.015400,1.175905,1.521951,1.539996
3.161819,-1.669261,-14,0,-0.130007,0.368295,0.933775,-0.074480,1.342030,0.000000,0.000000,0.000000,0.098270,0.822949,0.196540,0.164590,-0.179666,0,-0.102737,0.150280,-0.000000,0.098270,0.822949,0.018679,0.017967,0.017967,1.342030,1.510509,1.796662
3.123828,-1.507023,-14,-3,0.278559,-0.338111,0.929909,-0.100213,1.512854,0.000000,0.000000,0.000000,0.461196,0.091438,0.461196,0.018288,-0.218166,1,-0.140183,0.012476,0.000000,0.461196,0.091438,0.016149,0.014117,0.014117,1.512854,1.505505,1.411663
3.092737,-1.396836,-21,-18,-0.442314,0.156327,0.930080,-0.132665,1.620373,0.000000,0.000000,0.000000,0.493572,0.091438,0.493572,0.018288,-0.500499,1,-0.018034,-0.092548,0.000000,0.493572,0.091438,0.005553,0.003850,0.003850,1.620373,1.510140,0.384999
2.956355,-1.419561,-11,-16,0.457587,-0.484565,0.932012,-0.175739,1.587006,0.000000,0.000000,0.000000,0.536469,0.091438,0.536469,0.018288,-0.346499,1,0.064153,-0.057503,-0.000000,0.536469,0.091438,-0.003515,-0.006417,-0.006417,1.587006,1.518603,-0.641665
2.936749,-1.474779,-2,-5,0.323880,-0.245855,0.931966,-0.188313,1.528806,0.000000,0.000000,0.000000,0.549029,0.091438,0.549029,0.018288,-0.089833,1,0.039402,0.000192,0.000000,0.549029,0.091438,-0.004659,-0.003850,-0.003850,1.528806,1.519713,-0.384999
2.901904,-1.494546,0,0,0.579444,-0.458139,0.931920,-0.189339,1.513406,0.000000,0.000000,0.000000,0.550056,0.091438,0.550056,0.018288,0.000000,1,0.000391,0.014795,0.000000,0.550056,0.091438,0.000238,0.000000,0.000000,1.513406,1.519725,0.000000
2.903977,-1.464195,13,15,0.307623,-0.432786,0.932532,-0.169586,1.552228,0.000000,0.000000,0.000000,0.530298,0.091438,0.530298,0.018288,0.359333,1,-0.026026,-0.024566,-0.000000,0.530298,0.091438,0.000040,0.002567,0.002567,1.552228,1.518976,0.256666
2.947289,-1.454873,24,23,0.170850,-0.246739,0.933284,-0.125189,1.552795,0.000000,0.000000,0.000000,0.485924,0.091438,0.485924,0.018288,0.603165,1,0.011692,-0.024363,-0.000000,0.485924,0.091438,0.000430,-0.001283,-0.001283,1.552795,1.515788,-0.128333
3.037438,-1.466143,30,26,0.273629,-0.325019,0.934941,-0.059504,1.535878,0.000000,0.000000,0.000000,0.420252,0.091438,0.420252,0.018288,0.718665,1,-0.004828,-0.007782,-0.000000,0.420252,0.091438,0.000453,-0.005133,0.000453,1.535878,1.511133,0.045335
3.119046,-1.486496,25,24,0.197007,-0.225475,0.937667,0.011154,1.521254,0.000000,0.000000,0.000000,0.349560,0.091438,0.349560,0.018288,0.628832,1,0.016118,0.007269,0.000000,0.349560,0.091438,-0.003065,-0.001283,-0.001283,1.521254,1.506865,-0.128333
3.169851,-1.494798,23,23,-0.333469,0.350565,0.941033,0.076131,1.519903,0.000000,0.000000,0.000000,0.142251,0.091438,0.284502,0.018288,0.590332,1,0.007938,0.008453,0.000000,0.142251,0.091438,-0.002048,0.000000,0.000000,1.519903,1.504079,0.000000
3.199685,-1.500767,25,22,0.228168,-0.209505,0.944559,0.143542,1.519245,0.000000,0.000000,0.000000,0.108504,0.091438,0.217008,0.018288,0.603165,1,-0.045360,0.008023,-0.000000,0.108504,0.091438,0.003162,-0.003850,0.003162,1.519245,1.499582,0.316203
3.289074,-1.495423,23,20,-0.659673,0.587533,0.947514,0.209439,1.522817,0.000000,0.000000,0.000000,0.098433,1.500000,0.196866,1.409570,0.551832,0,0.116121,0.097749,-0.000000,0.098433,1.500000,0.001934,-0.003850,0.001934,1.522817,2.931917,0.193381
3.227926,-1.459370,7,20,0.820915,-0.219941,0.948943,0.241489,1.558965,0.000000,0.000000,0.000000,0.098433,1.500000,0.196866,1.415878,0.346499,0,0.045794,0.210165,0.000000,0.098433,1.500000,0.010620,0.016683,0.010620,1.558965,2.975958,1.061976
3.261784,-1.247855,2,25,-0.225019,0.442989,0.945838,0.277086,1.780995,0.000000,0.000000,0.000000,0.098433,1.500000,0.196866,1.240885,0.346499,0,-0.033256,0.136520,0.000000,0.098433,1.500000,0.019156,0.029517,0.019156,1.780995,3.024660,1.915610
3.252786,-1.034885,0,14,-0.301121,0.346528,0.939718,0.296636,1.994888,0.000000,0.000000,0.000000,0.098433,1.500000,0.196866,1.053126,0.179666,0,-0.032114,0.072652,-0.000000,0.098433,1.500000,0.015751,0.017967,0.017967,1.994888,3.051283,1.796662
3.226897,-0.932480,-4,4,-0.137700,0.375279,0.938435,0.299437,2.100545,0.000000,0.000000,0.000000,0.098433,1.500000,0.196866,0.954957,0.000000,0,0.169698,0.121115,0.000000,0.098433,1.500000,0.000776,0.010267,0.000776,2.100545,3.055096,0.077605
3.195911,-0.846267,-8,0,0.007416,0.484951,0.943845,0.291170,2.196909,0.000000,0.000000,0.000000,0.098433,1.500000,0.196866,0.844759,-0.102666,0,0.041245,0.187125,-0.000000,0.098433,1.500000,0.011113,0.010267,0.010267,2.196909,3.044111,1.026664
3.158976,-0.696864,-14,1,0.028607,0.464554,0.954512,0.278195,2.349198,0.000000,0.000000,0.000000,0.098433,1.500000,0.196866,0.674153,-0.166833,0,-0.042699,0.183121,-0.000000,0.098433,1.500000,0.016000,0.019250,0.019250,2.349198,3.027598,1.924996
3.130611,-0.517703,-16,0,-0.230117,0.488461,0.970833,0.264152,2.535354,0.000000,0.000000,0.000000,0.098433,1.500000,0.196866,0.471293,-0.205333,0,-0.059147,0.146626,-0.000000,0.098433,1.500000,0.017215,0.020533,0.020533,2.535354,3.011188,2.053329
3.125931,-0.335433,-18,0,-0.120957,0.304773,0.988726,0.253884,2.721043,0.000000,0.000000,0.000000,0.098433,1.381748,0.196866,0.276350,-0.230999,0,-0.021772,0.110169,-0.000000,0.098433,1.381748,0.015888,0.023100,0.015888,2.721043,3.000801,1.588771
3.125852,-0.166405,-15,0,-0.294157,0.323605,1.008286,0.246924,2.901447,0.000000,0.000000,0.000000,0.098433,0.455142,0.196866,0.091028,-0.192500,0,-0.099502,0.014175,0.000000,0.098433,0.455142,0.014755,0.019250,0.014755,2.901447,2.995463,1.475470
3.106591,-0.072467,-14,-12,-0.466905,0.118206,1.036947,0.241781,2.998413,0.000000,0.000000,0.000000,0.700000,0.060437,0.805667,0.012087,-0.333666,1,-0.021669,-0.070205,0.000000,0.700000,0.060437,-0.001031,0.002567,0.002567,2.998413,2.994327,0.256666
2.956989,-0.076520,-19,-24,0.554188,-0.726225,1.091542,0.233750,2.990535,0.000000,0.000000,0.000000,0.700000,0.060437,0.860850,0.012087,-0.551832,1,0.003431,-0.061817,-0.000000,0.700000,0.060437,-0.000439,-0.006417,-0.000439,2.990535,2.994404,-0.043887
2.844093,-0.195402,1,1,0.451280,-0.235995,1.122263,0.227759,2.869342,0.000000,0.000000,0.000000,0.700000,0.060437,0.892118,0.012087,0.025667,1,0.021236,0.059739,-0.000000,0.700000,0.060437,-0.005680,0.000000,-0.005680,2.869342,2.992812,-0.567964
2.843894,-0.198992,0,3,0.677298,-0.498851,1.120041,0.228393,2.864207,0.000000,0.000000,0.000000,0.700000,0.060437,0.889828,0.012087,0.038500,1,-0.045196,0.063516,-0.000000,0.700000,0.060437,0.001804,0.003850,0.003850,2.864207,2.993146,0.384999
2.837952,-0.152210,8,13,0.707553,-0.625961,1.098675,0.233928,2.915539,0.000000,0.000000,0.000000,0.700000,0.060437,0.867881,0.012087,0.269499,1,-0.054189,0.011999,0.000000,0.700000,0.060437,0.004333,0.006417,0.006417,2.915539,2.995813,0.641665
2.886312,-0.113648,24,26,0.369604,-0.527884,1.044972,0.244813,2.952166,0.000000,0.000000,0.000000,0.700000,0.060437,0.813171,0.012087,0.641665,1,-0.033725,-0.024212,-0.000000,0.700000,0.060437,0.000857,0.002567,0.002567,2.952166,2.999463,0.256666
2.962858,-0.120352,31,32,0.334303,-0.348246,0.969091,0.259326,2.952890,0.000000,0.000000,0.000000,0.700000,0.060437,0.736008,0.012087,0.808498,1,-0.016334,-0.024582,-0.000000,0.700000,0.060437,-0.000530,0.001283,0.001283,2.952890,3.004378,0.128333
3.017949,-0.123941,35,35,0.424299,-0.464241,0.884074,0.275939,2.943905,0.000000,0.000000,0.000000,0.649537,0.060437,0.649537,0.012087,0.898331,1,-0.001481,-0.015295,-0.000000,0.641599,0.060437,-0.000636,0.000000,0.000000,2.943905,3.012653,0.000000
3.055842,-0.133053,36,36,0.988937,-1.000000,0.782795,0.296313,2.942620,0.000000,0.000000,0.000000,0.546519,0.060437,0.546519,0.012087,0.923998,1,0.002860,-0.013923,0.000000,0.546519,0.060437,-0.003102,0.000000,0.000000,2.942620,3.024795,0.000000
3.136814,-0.147611,43,42,1.000000,-0.984495,0.675659,0.318778,2.925934,0.000000,0.000000,0.000000,0.437605,0.060437,0.437605,0.012087,1.090831,1,0.012547,0.002958,-0.000000,0.437605,0.060437,-0.000406,-0.001283,-0.001283,2.925934,3.047254,-0.128333
3.242849,-0.151391,38,41,1.000000,-0.975009,0.565789,0.343187,2.920191,0.000000,0.000000,0.000000,0.326223,0.060437,0.326223,0.012087,1.013831,1,0.016216,0.008775,0.000000,0.326223,0.060437,-0.001413,0.003850,-0.001413,2.920191,3.090031,-0.141333
3.321112,-0.150000,31,33,0.970610,-1.000000,0.467993,0.365129,2.927409,0.000000,0.000000,0.000000,-0.114025,0.060437,-0.228051,0.012087,0.821331,1,-0.030001,0.000611,-0.000000,-0.114025,0.060437,0.003071,0.002567,0.002567,2.927409,0.022494,0.256666
3.371939,-0.118276,30,32,-0.039376,-0.536039,0.382496,0.382599,2.957826,0.000000,0.000000,0.000000,-0.096384,-1.500000,-0.192768,-0.812671,0.795665,0,-0.179840,-0.107868,-0.000000,-0.096384,-1.500000,0.002622,0.002567,0.002567,2.957826,2.150995,0.256666
3.363445,-0.225867,28,11,-1.000000,0.930867,0.325501,0.394547,2.845246,0.000000,0.000000,0.000000,-0.096384,-1.500000,-0.192768,-0.869200,0.333666,0,0.051304,-0.135036,-0.000000,-0.096384,-1.500000,-0.020722,-0.020533,-0.020533,2.824713,1.953486,-2.053329
3.323142,-0.460007,12,0,-0.324181,0.342012,0.298156,0.406161,2.607309,0.000000,0.000000,0.000000,-0.096384,-1.500000,-0.192768,-0.741306,0.154000,0,0.071289,-0.067225,-0.000000,-0.096384,-1.500000,-0.022374,-0.015400,-0.022374,2.607309,1.862273,-2.237359
3.295194,-0.602352,5,-1,-0.697770,0.450017,0.287099,0.413849,2.465372,0.000000,0.000000,0.000000,-0.096384,-1.500000,-0.192768,-0.644354,0.051333,0,-0.024322,-0.077243,0.000000,-0.096384,-1.500000,-0.012062,-0.007700,-0.012062,2.465372,1.818609,-1.206243
3.259815,-0.666357,-1,-5,-0.824904,0.280436,0.287590,0.413437,2.395830,0.000000,0.000000,0.000000,-0.096384,-1.500000,-0.192768,-0.573485,-0.077000,0,-0.092577,-0.159096,0.000000,-0.096384,-1.500000,-0.004555,-0.005133,-0.005133,2.395830,1.820559,-0.513332
3.215511,-0.770395,-4,-14,-0.717774,0.279376,0.297314,0.403570,2.286587,0.000000,0.000000,0.000000,-0.096384,-1.500000,-0.192768,-0.428127,-0.230999,0,-0.021342,-0.198400,0.000000,-0.096384,-1.500000,-0.013125,-0.012833,-0.012833,2.286587,1.854692,-1.283330
3.182989,-0.934321,-6,-17,-0.599908,0.331202,0.310095,0.386402,2.112819,0.000000,0.000000,0.000000,-0.096384,-1.097712,-0.192768,-0.219542,-0.295166,0,0.120819,-0.162468,0.000000,-0.096384,-1.097712,-0.021413,-0.014117,-0.021413,2.112819,1.887889,-2.141255
3.146391,-1.133972,-12,-19,-0.353967,0.491770,0.324081,0.357164,1.909928,0.000000,0.000000,0.000000,-0.096384,-0.006843,-0.192768,-0.001369,-0.397832,1,0.215186,-0.013101,0.000000,-0.096384,-0.006843,-0.021575,-0.008983,-0.021575,1.909928,1.904123,-2.157462
3.106659,-1.268699,-15,-21,-0.360680,0.746256,0.332914,0.325813,1.783755,0.000000,0.000000,0.000000,0.144751,-0.006843,0.289502,-0.001369,-0.461999,1,0.060188,0.109905,-0.000000,0.144751,-0.006843,-0.011321,-0.007700,-0.007700,1.783755,1.897524,-0.769998
3.052751,-1.259398,-18,-17,-0.429249,0.551422,0.340060,0.292040,1.790431,0.000000,0.000000,0.000000,0.323808,-0.006843,0.323808,-0.001369,-0.449166,1,0.001429,0.102030,0.000000,0.323808,-0.006843,0.005192,0.001283,0.001283,1.790431,1.884949,0.128333
3.000621,-1.185762,-16,-15,-0.299438,0.270003,0.347597,0.263110,1.865398,0.000000,0.000000,0.000000,0.353655,-0.006843,0.353655,-0.001369,-0.397832,1,-0.100620,0.024980,-0.000000,0.353655,-0.006843,0.009757,0.001283,0.009757,1.865398,1.879940,0.975740
2.965888,-1.140937,0,4,0.309264,-0.336112,0.351043,0.252221,1.902198,0.000000,0.000000,0.000000,0.365076,-0.006843,0.365076,-0.001369,0.051333,1,-0.056963,-0.010929,-0.000000,0.365076,-0.006843,0.001214,0.005133,0.005133,1.902198,1.879858,0.513332
2.982203,-1.136368,0,3,0.258050,-0.278993,0.350878,0.252707,1.897784,0.000000,0.000000,0.000000,0.364563,-0.006843,0.364563,-0.001369,0.038500,1,0.003222,-0.005285,-0.000000,0.364563,-0.006843,-0.000602,0.003850,-0.000602,1.897784,1.879833,-0.060236
2.947870,-1.139332,3,5,0.582568,-0.583429,0.350229,0.254655,1.895415,0.000000,0.000000,0.000000,0.362510,-0.006843,0.362510,-0.001369,0.102666,1,-0.032253,-0.003640,-0.000000,0.362510,-0.006843,-0.001396,0.002567,0.002567,1.895415,1.879760,0.256666
2.954841,-1.133528,17,17,0.478898,-0.560689,0.342942,0.276034,1.902356,0.000000,0.000000,0.000000,0.339928,-0.006843,0.339928,-0.001369,0.436332,1,0.005714,-0.009805,0.000000,0.339928,-0.006843,0.000170,0.000000,0.000000,1.902356,1.878461,0.000000
3.048789,-1.142798,18,21,0.238242,-0.276980,0.327383,0.321710,1.896387,0.000000,0.000000,0.000000,0.145843,-0.006843,0.291687,-0.001369,0.500499,1,0.066341,-0.002598,0.000000,0.145843,-0.006843,-0.004686,0.003850,-0.004686,1.896387,1.875047,-0.468588
3.084977,-1.146537,18,20,0.437939,-0.468936,0.313819,0.361693,1.899341,0.000000,0.000000,0.000000,0.124739,-0.006843,0.249478,-0.001369,0.487666,1,0.063320,-0.005614,0.000000,0.124739,-0.006843,-0.004454,0.002567,-0.004454,1.899341,1.871187,-0.445414
3.154016,-1.151406,20,24,0.286234,-0.246624,0.297497,0.410903,1.886126,0.000000,0.000000,0.000000,0.098823,-0.006843,0.197645,-0.001369,0.564665,2,0.009772,0.006508,0.000000,0.098823,-0.006843,-0.000382,0.005133,-0.000382,1.886126,1.865976,-0.038207
3.209408,-1.136302,14,21,0.413159,-0.024557,0.283166,0.454688,1.897578,0.000000,0.000000,0.000000,0.098823,1.500000,0.197645,0.307331,0.449166,0,0.141205,0.131979,0.000000,0.098823,1.500000,0.001331,0.008983,0.001331,1.897578,2.204562,0.133073
3.222012,-0.959871,1,14,0.283870,-0.225424,0.271796,0.483269,2.077850,0.000000,0.000000,0.000000,0.098823,0.699025,0.197645,0.139805,0.192500,0,-0.145590,0.073992,-0.000000,0.098823,0.699025,0.021195,0.016683,0.021195,2.077850,2.221875,2.119482
3.214298,-0.773278,1,8,0.101968,-0.559800,0.262227,0.497682,2.256634,0.000000,0.000000,0.000000,0.431213,0.096094,0.431213,0.019219,0.115500,1,-0.088165,-0.082669,0.000000,0.431213,0.096094,0.010109,0.008983,0.008983,2.256634,2.224481,0.898331
3.203825,-0.739942,-5,-13,-0.382681,0.083406,0.260145,0.500292,2.292469,0.000000,0.000000,0.000000,0.427875,0.096094,0.427875,0.019219,-0.230999,1,-0.042509,-0.117572,-0.000000,0.427875,0.096094,0.003722,-0.010267,0.003722,2.292469,2.224328,0.372195
3.087731,-0.822948,0,-9,0.264582,-0.149982,0.269807,0.488472,2.214315,0.000000,0.000000,0.000000,0.443134,0.096094,0.443134,0.019219,-0.115500,1,0.060821,-0.037310,0.000000,0.443134,0.096094,-0.005125,-0.011550,-0.005125,2.214315,2.225421,-0.512540
3.000590,-0.877812,0,-5,0.681215,-0.508381,0.275996,0.479494,2.156348,0.000000,0.000000,0.000000,0.454025,0.096094,0.454025,0.019219,-0.064167,1,-0.052191,0.018348,-0.000000,0.454025,0.096094,0.005038,-0.006417,0.005038,2.156348,2.224194,0.503808
2.997207,-0.844761,4,9,0.171619,-0.295410,0.266267,0.493828,2.184659,0.000000,0.000000,0.000000,0.436730,0.096094,0.436730,0.019219,0.166833,1,-0.002315,-0.008948,0.000000,0.436730,0.096094,0.001025,0.006417,0.001025,2.184659,2.226457,0.102472
2.999626,-0.820251,8,9,0.247515,-0.424170,0.253617,0.511126,2.215980,0.000000,0.000000,0.000000,0.415307,0.096094,0.415307,0.019219,0.218166,1,0.048188,-0.039239,0.000000,0.415307,0.096094,-0.003860,0.001283,-0.003860,2.215980,2.227709,-0.385988
3.012650,-0.853983,17,14,0.244568,-0.230923,0.232892,0.539372,2.187952,0.000000,0.000000,0.000000,0.380284,0.096094,0.380284,0.019219,0.397832,1,0.044969,-0.011278,0.000000,0.380284,0.096094,-0.003613,-0.003850,-0.003850,2.187952,2.229910,-0.384999
3.060155,-0.876971,20,20,0.347969,-0.302962,0.206407,0.577695,2.168701,0.000000,0.000000,0.000000,0.333778,0.096094,0.333778,0.019219,0.513332,1,-0.000428,0.007045,-0.000000,0.333778,0.096094,0.000371,0.000000,0.000000,2.168701,2.237497,0.000000
3.135730,-0.873889,18,21,-0.260093,0.351903,0.174652,0.624541,2.166902,0.000000,0.000000,0.000000,0.138678,0.096094,0.277355,0.019219,0.500499,1,-0.063694,0.007550,-0.000000,0.138678,0.096094,0.003096,0.003850,0.003850,2.166902,2.251972,0.384999
3.154081,-0.832108,14,18,0.143734,-0.331361,0.148425,0.661156,2.216939,0.000000,0.000000,0.000000,0.116206,0.096094,0.232412,0.019219,0.410666,1,-0.075583,-0.042731,-0.000000,0.116206,0.096094,0.004831,0.005133,0.005133,2.216939,2.263511,0.513332
3.197967,-0.813443,18,19,-0.436255,0.317317,0.118903,0.698997,2.238417,0.000000,0.000000,0.000000,0.099341,1.500000,0.198682,0.578827,0.474832,0,0.133853,-0.029933,-0.000000,0.099341,1.500000,-0.001136,0.001283,0.001283,2.238417,2.855255,0.128333
3.236777,-0.804279,12,14,-0.085016,0.438779,0.093649,0.730399,2.251333,0.000000,0.000000,0.000000,0.099341,1.500000,0.198682,0.653382,0.333666,0,0.116305,0.106791,-0.000000,0.099341,1.500000,0.003866,0.002567,0.002567,2.251333,2.904536,0.256666
3.225998,-0.673046,1,12,0.459025,-0.201628,0.079614,0.746404,2.382029,0.000000,0.000000,0.000000,0.099341,1.500000,0.198682,0.547205,0.166833,0,0.002593,0.138771,-0.000000,0.099341,1.500000,0.014311,0.014117,0.014117,2.382029,2.931820,1.411663
3.234082,-0.528233,0,11,-0.130787,0.476267,0.068069,0.756181,2.533520,0.000000,0.000000,0.000000,0.099341,1.500000,0.198682,0.412458,0.141166,0,0.026580,0.137767,0.000000,0.099341,1.500000,0.017041,0.014117,0.014117,2.533520,2.948233,1.411663
3.197548,-0.405029,-7,2,0.484421,-0.183575,0.069741,0.755471,2.664419,0.000000,0.000000,0.000000,0.099341,1.402429,0.198682,0.280486,-0.064167,0,0.022384,0.155435,-0.000000,0.099341,1.402429,0.010146,0.011550,0.011550,2.664419,2.947376,1.154997
3.173931,-0.309232,-10,0,0.451622,-0.088947,0.078850,0.751327,2.763736,0.000000,0.000000,0.000000,0.099341,0.878788,0.198682,0.175757,-0.128333,0,-0.041649,0.168341,-0.000000,0.099341,0.878788,0.009581,0.012833,0.012833,2.763736,2.942219,1.283330
3.150490,-0.185395,-11,-1,0.373276,-0.120840,0.093101,0.746621,2.885653,0.000000,0.000000,0.000000,0.099341,0.250832,0.198682,0.050166,-0.154000,0,-0.097966,0.099596,0.000000,0.099341,0.250832,0.012746,0.012833,0.012833,2.885653,2.938351,1.283330
3.091033,-0.058699,-22,-17,0.189147,-0.385708,0.125629,0.740519,2.993450,0.000000,0.000000,0.000000,0.495714,0.049719,0.495714,0.009944,-0.500499,1,-0.064555,-0.004051,-0.000000,0.495714,0.049719,0.007731,0.006417,0.006417,2.993450,2.939539,0.641665
2.946936,-0.042214,-6,-9,0.763887,-0.856917,0.164042,0.735378,3.013328,0.000000,0.000000,0.000000,0.534384,0.049719,0.534384,0.009944,-0.051333,1,0.069474,-0.016059,0.000000,0.534896,0.049719,-0.009040,-0.005133,-0.005133,3.008194,2.944604,-0.513332
2.985068,-0.079938,0,0,-0.202513,0.221187,0.161886,0.735708,2.978984,0.000000,0.000000,0.000000,0.532205,0.049719,0.532205,0.009944,0.000000,1,-0.003439,0.011660,-0.000000,0.532205,0.049719,0.001482,0.000000,0.000000,2.978984,2.944354,0.000000
2.964170,-0.077733,0,1,0.402654,-0.377929,0.162392,0.735625,2.984116,0.000000,0.000000,0.000000,0.532718,0.049719,0.532718,0.009944,0.012833,1,-0.016935,0.006251,-0.000000,0.532718,0.049719,0.001503,0.001283,0.001283,2.984116,2.944388,0.128333
2.906537,-0.074749,3,4,0.761287,-0.747509,0.160745,0.735887,2.985399,0.000000,0.000000,0.000000,0.531051,0.049719,0.531051,0.009944,0.089833,1,-0.016127,0.004984,-0.000000,0.531051,0.049719,-0.001483,0.001283,0.001283,2.985399,2.944263,0.128333
2.956223,-0.061271,19,19,0.377182,-0.376613,0.124589,0.741406,2.994381,0.000000,0.000000,0.000000,0.494517,0.049719,0.494517,0.009944,0.487666,1,-0.000898,-0.003688,-0.000000,0.494517,0.049719,0.003345,0.000000,0.000000,2.994381,2.940873,0.000000
3.017140,-0.040080,19,21,0.363647,-0.375992,0.075014,0.748283,3.015390,0.000000,0.000000,0.000000,0.444578,0.049719,0.444578,0.009944,0.513332,1,-0.025612,-0.025204,0.000000,0.444578,0.049719,0.002638,0.002567,0.002567,3.015390,2.933799,0.256666
3.060434,-0.023173,21,21,0.315498,-0.398309,0.019979,0.754962,3.024582,0.000000,0.000000,0.000000,0.389378,0.049719,0.389378,0.009944,0.538999,1,0.003103,-0.033810,0.000000,0.389378,0.049719,0.001479,0.000000,0.000000,3.024582,2.921425,0.000000
3.117636,-0.019830,27,25,0.256528,-0.283023,-0.048080,0.762987,3.024461,0.000000,0.000000,0.000000,0.321287,0.049719,0.321287,0.009944,0.667332,1,-0.048766,-0.034749,-0.000000,0.321287,0.049719,0.003500,-0.002567,0.003500,3.024461,2.899535,0.349988
3.182715,-0.010349,23,17,-0.381750,0.230873,-0.110283,0.770252,3.027038,0.000000,0.000000,0.000000,0.129638,0.049719,0.259275,0.009944,0.513332,1,-0.052854,-0.037412,0.000000,0.129638,0.049719,0.005651,-0.007700,0.005651,3.027038,2.869226,0.565071
3.201096,-0.045417,27,23,0.266872,-0.293323,-0.166165,0.777393,2.997943,0.000000,0.000000,0.000000,0.101848,0.049719,0.203695,0.009944,0.641665,1,0.069052,-0.005830,0.000000,0.101848,0.049719,-0.002561,-0.005133,-0.005133,2.997943,2.829178,-0.513332
3.278399,-0.070855,13,14,-0.355508,0.368149,-0.221961,0.786060,2.980717,0.000000,0.000000,0.000000,0.098750,-1.500000,0.197499,-1.656641,0.346499,0,-0.168093,-0.113448,-0.000000,0.098750,-1.500000,-0.002281,0.001283,0.001283,2.980717,1.323192,0.128333
3.249980,-0.108530,14,5,0.007434,-0.631501,-0.252342,0.791114,2.944725,0.000000,0.000000,0.000000,0.098750,-1.500000,0.197499,-1.563679,0.243833,0,-0.037103,-0.224782,-0.000000,0.098750,-1.500000,-0.015315,-0.011550,-0.011550,2.944725,1.377880,-1.154997
3.246237,-0.330788,17,0,-0.000637,-0.413575,-0.275930,0.798046,2.719762,0.000000,0.000000,0.000000,0.098750,-1.500000,0.197499,-1.293239,0.218166,0,0.069678,-0.162639,0.000000,0.098750,-1.500000,-0.020930,-0.021817,-0.021817,2.719762,1.421270,-2.181662
3.282191,-0.521023,9,-4,-0.536797,0.347382,-0.289259,0.805185,2.527095,0.000000,0.000000,0.000000,0.098750,-1.500000,0.197499,-1.077071,0.064167,0,0.024167,-0.120903,0.000000,0.098750,-1.500000,-0.014775,-0.016683,-0.016683,2.527095,1.446279,-1.668329
3.216534,-0.666378,0,-14,-0.344001,0.064130,-0.275870,0.794001,2.375373,0.000000,0.000000,0.000000,0.098750,-1.500000,0.197499,-0.951901,-0.179666,0,0.042029,-0.118817,0.000000,0.098750,-1.500000,-0.016794,-0.017967,-0.017967,2.375373,1.420090,-1.796662
3.163285,-0.825157,-3,-16,-0.403319,0.223971,-0.258995,0.775213,2.211836,0.000000,0.000000,0.000000,0.098750,-1.500000,0.197499,-0.824722,-0.243833,0,0.022088,-0.105688,0.000000,0.098750,-1.500000,-0.016062,-0.016683,-0.016683,2.211836,1.384270,-1.668329
3.123947,-0.977980,-7,-20,-0.416560,0.203772,-0.241879,0.748570,2.055961,0.000000,0.000000,0.000000,0.098750,-1.500000,0.197499,-0.710814,-0.346499,0,0.019718,-0.099863,0.000000,0.098750,-1.500000,-0.016458,-0.016683,-0.016683,2.055961,1.342582,-1.668329
3.075512,-1.139583,-3,-15,0.142525,-0.276747,-0.229471,0.720832,1.899121,0.000000,0.000000,0.000000,0.098750,-1.500000,0.197499,-0.590590,-0.230999,0,0.012712,-0.093166,0.000000,0.098750,-1.500000,-0.016828,-0.015400,-0.015400,1.899121,1.305719,-1.539996
3.105037,-1.292405,0,-13,-0.388695,0.241723,-0.224849,0.703488,1.740564,0.000000,0.000000,0.000000,0.098750,-1.500000,0.197499,-0.450536,-0.166833,0,0.011130,-0.084640,-0.000000,0.098750,-1.500000,-0.016720,-0.016683,-0.016683,1.740564,1.287068,-1.668329
3.140929,-1.479892,-5,-16,-0.990826,1.000000,-0.223170,0.682282,1.554476,0.000000,0.000000,0.000000,0.098750,-1.399149,0.197499,-0.279830,-0.269499,0,0.070447,-0.061273,0.000000,0.098750,-1.399149,-0.019572,-0.014117,-0.019572,1.554476,1.270764,-1.957154
3.068383,-1.629299,-7,-18,-0.634234,0.778440,-0.226565,0.644356,1.399310,0.000000,0.000000,0.000000,0.098750,-0.722247,0.197499,-0.144449,-0.320833,0,0.078874,-0.006771,0.000000,0.098750,-0.722247,-0.014135,-0.014117,-0.014117,1.399310,1.252054,-1.411663
3.039371,-1.720442,-6,-8,0.651374,-0.417332,-0.232644,0.615217,1.308029,0.000000,0.000000,0.000000,0.098750,-0.310963,0.197499,-0.062193,-0.179666,0,0.083648,0.033373,-0.000000,0.098750,-0.310963,-0.012156,-0.002567,-0.012156,1.308029,1.243579,-1.215589
3.100155,-1.707880,-9,-3,0.140263,-0.406013,-0.235656,0.604200,1.318549,0.000000,0.000000,0.000000,0.098750,-0.392305,0.197499,-0.078461,-0.154000,0,-0.120456,-0.012419,-0.000000,0.098750,-0.392305,0.004820,0.007700,0.007700,1.318549,1.241789,0.769998
3.118608,-1.665202,-9,-8,-0.658275,0.252792,-0.239147,0.588545,1.368044,0.000000,0.000000,0.000000,0.098750,-0.657730,0.197499,-0.131546,-0.218166,0,-0.084708,-0.118034,-0.000000,0.098750,-0.657730,-0.001498,0.001283,0.001283,1.368044,1.237031,0.128333
3.091874,-1.707978,-7,-13,-0.513221,0.357039,-0.244378,0.565390,1.314442,0.000000,0.000000,0.000000,0.098750,-0.417861,0.197499,-0.083572,-0.256666,0,0.038984,-0.117075,0.000000,0.098750,-0.417861,-0.008703,-0.007700,-0.007700,1.314442,1.229377,-0.769998
3.054368,-1.814229,1,-4,0.410191,-0.264339,-0.250889,0.543367,1.209517,0.000000,0.000000,0.000000,-0.322392,-0.089414,-0.322392,-0.017883,-0.038500,1,0.172693,-0.029466,0.000000,-0.322392,-0.089414,-0.016186,-0.006417,-0.016186,1.209517,1.225537,-1.618624
3.144791,-1.833720,0,4,-0.301668,0.149959,-0.250719,0.543852,1.196628,0.000000,0.000000,0.000000,-0.322906,-0.089414,-0.322906,-0.017883,0.051333,1,0.003309,-0.020037,0.000000,-0.322906,-0.089414,0.000870,0.005133,0.000870,1.196628,1.225548,0.086987
3.196797,-1.839272,-7,-11,-0.234301,0.263271,-0.254132,0.534990,1.189820,0.000000,0.000000,0.000000,-0.313412,-0.089414,-0.313412,-0.017883,-0.230999,1,0.056229,-0.012148,0.000000,-0.313412,-0.089414,-0.004529,-0.005133,-0.005133,1.189820,1.226225,-0.513332
3.210450,-1.883563,-11,-13,-0.600654,0.754193,-0.262814,0.514419,1.148754,0.000000,0.000000,0.000000,-0.145560,-0.089414,-0.291120,-0.017883,-0.307999,1,0.019285,0.028164,-0.000000,-0.145560,-0.089414,-0.004312,-0.002567,-0.002567,1.148754,1.230428,-0.256666
3.184852,-1.884161,-17,-17,-0.706485,0.761143,-0.277602,0.481670,1.151675,0.000000,0.000000,0.000000,-0.127665,-0.089414,-0.255331,-0.017883,-0.436332,1,-0.000624,0.024836,-0.000000,-0.127665,-0.089414,0.001322,0.000000,0.000000,1.151675,1.242203,0.000000
3.123787,-1.851007,-22,-22,-0.410625,0.304405,-0.296830,0.436439,1.191380,0.000000,0.000000,0.000000,-0.103173,-0.089414,-0.206346,-0.017883,-0.564665,1,-0.048778,-0.015853,-0.000000,-0.103173,-0.089414,0.004742,0.000000,0.004742,1.191380,1.259663,0.474215
3.075721,-1.826398,-11,-22,-0.520374,-0.023474,-0.313751,0.391664,1.218579,0.000000,0.000000,0.000000,-0.097603,-1.500000,-0.195207,-0.342639,-0.423499,0,-0.144592,-0.165008,0.000000,-0.097603,-1.500000,0.000051,-0.014117,0.000051,1.218579,0.876187,0.005114
3.063912,-1.929881,-11,-26,-0.529269,0.081685,-0.328286,0.356031,1.118462,0.000000,0.000000,0.000000,-0.097603,-1.274058,-0.195207,-0.254812,-0.474832,0,0.001864,-0.206735,-0.000000,-0.097603,-1.274058,-0.013822,-0.019250,-0.013822,1.118462,0.861367,-1.382184
3.051174,-2.172119,0,-20,-0.039367,0.383929,-0.344001,0.329778,0.882512,0.000000,0.000000,0.000000,-0.097603,-0.113737,-0.195207,-0.022747,-0.256666,0,0.250024,-0.034216,0.000000,-0.097603,-0.113737,-0.028461,-0.025667,-0.025667,0.882512,0.854514,-2.566661
3.039481,-2.374281,6,3,1.000000,-0.633387,-0.358128,0.314902,0.678035,0.000000,0.000000,0.000000,-0.700000,0.030005,-0.734926,0.006001,0.115500,1,0.078330,0.167055,-0.000000,-0.700000,0.030005,-0.010257,-0.003850,-0.010257,0.678035,0.855722,-1.025748
3.201830,-2.242723,2,15,0.022635,-0.489492,-0.349153,0.322357,0.809853,0.000000,0.000000,0.000000,-0.700000,0.030005,-0.746442,0.006001,0.218166,1,-0.313149,0.027242,-0.000000,-0.700000,0.030005,0.029529,0.016683,0.029529,0.809853,0.853192,2.952862
3.311843,-2.183179,-9,-12,-0.493354,0.508675,-0.355608,0.314367,0.866326,0.000000,0.000000,0.000000,-0.700000,0.030005,-0.736178,0.006001,-0.269499,1,0.116770,-0.020452,0.000000,-0.700000,0.030005,-0.009435,-0.003850,-0.009435,0.866326,0.852661,-0.943518
3.319451,-2.233921,-21,-22,-0.477540,0.557473,-0.387548,0.279064,0.820892,0.000000,0.000000,0.000000,-0.688579,0.030005,-0.688579,0.006001,-0.551832,1,0.018941,0.022985,0.000000,-0.688579,0.030005,-0.002811,-0.001283,-0.001283,0.820892,0.853857,-0.128333
3.315627,-2.221920,-32,-31,-0.859132,0.800878,-0.429771,0.233335,0.835008,0.000000,0.000000,0.000000,-0.626366,0.030005,-0.626366,0.006001,-0.808498,1,-0.008203,0.008314,0.000000,-0.626366,0.030005,0.001209,0.001283,0.001283,0.835008,0.856699,0.128333
3.282108,-2.214998,-37,-36,-0.996179,1.000000,-0.483707,0.173451,0.840142,0.000000,0.000000,0.000000,-0.545790,0.030005,-0.545790,0.006001,-0.936831,1,-0.016113,0.003019,-0.000000,-0.545790,0.030005,-0.000036,0.001283,0.001283,0.840142,0.859518,0.128333
3.209681,-2.202213,-42,-43,-1.000000,0.997074,-0.551403,0.097292,0.845275,0.000000,0.000000,0.000000,-0.443908,0.030005,-0.443908,0.006001,-1.090831,1,0.015084,-0.001477,0.000000,-0.443908,0.030005,-0.000131,-0.001283,-0.001283,0.845275,0.863043,-0.128333
3.120291,-2.197512,-43,-44,-0.770483,0.738726,-0.627994,0.011356,0.841425,0.000000,0.000000,0.000000,-0.328825,0.030005,-0.328825,0.006001,-1.116497,1,0.016403,0.002399,0.000000,-0.328825,0.030005,-0.001663,-0.001283,-0.001283,0.841425,0.870118,-0.128333
3.021381,-2.201113,-49,-48,-0.555423,0.608948,-0.706218,-0.074837,0.829875,0.000000,0.000000,0.000000,-0.106273,0.030005,-0.212547,0.006001,-1.244830,1,-0.015282,0.013302,-0.000000,-0.106273,0.030005,-0.000138,0.001283,0.001283,0.829875,0.889988,0.128333
2.921082,-2.180401,-47,-42,-0.159009,0.601852,-0.782333,-0.159476,0.859392,0.000000,0.000000,0.000000,-0.099997,1.500000,-0.199994,0.639996,-1.142164,0,0.091156,0.105959,0.000000,-0.099997,1.500000,0.004337,0.006417,0.006417,0.859392,1.498884,0.641665
2.865116,-2.005726,-31,-11,-0.301977,0.528399,-0.840223,-0.232389,1.029147,0.000000,0.000000,0.000000,-0.099997,1.500000,-0.199994,0.536292,-0.538999,0,-0.166437,0.095943,-0.000000,-0.099997,1.500000,0.030672,0.025667,0.030672,1.029147,1.571102,3.067183
2.922419,-1.711243,-20,-5,-0.786619,0.386488,-0.859149,-0.273944,1.314049,0.000000,0.000000,0.000000,-0.099997,1.403993,-0.199994,0.280799,-0.320833,0,-0.065001,-0.037862,-0.000000,-0.099997,1.403993,0.021678,0.019250,0.019250,1.314049,1.598701,1.924996
2.927137,-1.633921,-23,-19,0.283688,-0.258595,-0.869053,-0.323769,1.389664,0.000000,0.000000,0.000000,-0.099997,1.146237,-0.199994,0.229247,-0.538999,0,0.218379,0.006037,0.000000,-0.099997,1.146237,-0.008829,0.005133,-0.008829,1.389664,1.616429,-0.882924
2.950497,-1.619222,-5,0,-0.163387,0.443049,-0.873876,-0.350414,1.402536,0.000000,0.000000,0.000000,-0.099997,1.110906,-0.199994,0.222181,-0.064167,0,0.029675,0.103606,-0.000000,-0.099997,1.110906,0.002787,0.006417,0.006417,1.402536,1.626311,0.641665
3.030372,-1.546953,-5,0,-0.178391,0.519331,-0.874541,-0.354726,1.480037,0.000000,0.000000,0.000000,-0.099997,0.725829,-0.199994,0.145166,-0.064167,0,-0.057756,0.117745,-0.000000,-0.099997,0.725829,0.012851,0.006417,0.012851,1.480037,1.627801,1.285088
3.061745,-1.445843,-4,0,-0.301827,0.419345,-0.874970,-0.361898,1.575587,0.000000,0.000000,0.000000,-0.099997,0.265516,-0.199994,0.053103,-0.051333,0,0.001396,0.070444,0.000000,-0.099997,0.265516,0.007070,0.005133,0.005133,1.575587,1.629198,0.513332
3.100467,-1.411562,-2,-1,-0.415735,0.506049,-0.874918,-0.365106,1.606891,0.000000,0.000000,0.000000,-0.099997,0.111418,-0.199994,0.022284,-0.038500,0,-0.001516,0.056132,0.000000,-0.099997,0.111418,0.001707,0.001283,0.001283,1.606891,1.629426,0.128333
3.158967,-1.401434,3,8,-0.217847,0.320059,-0.875240,-0.357798,1.621091,0.000000,0.000000,0.000000,-0.603232,0.096931,-0.603232,0.019386,0.141166,1,-0.071375,0.041475,-0.000000,-0.603232,0.096931,0.002455,0.006417,0.006417,1.621091,1.629248,0.641665
3.276767,-1.351356,0,3,-0.881366,0.862555,-0.876419,-0.343218,1.681651,0.000000,0.000000,0.000000,-0.617857,0.096931,-0.617857,0.019386,0.038500,1,-0.036033,-0.018364,0.000000,-0.617857,0.096931,0.003693,0.003850,0.003850,1.681651,1.629775,0.384999
3.303286,-1.318698,-7,-9,-0.641151,0.488535,-0.874252,-0.359241,1.719086,0.000000,0.000000,0.000000,-0.601735,0.096931,-0.601735,0.019386,-0.205333,1,-0.022962,-0.055532,0.000000,-0.601735,0.096931,0.002431,-0.002567,0.002431,1.719086,1.627749,0.243104
3.336745,-1.341724,-14,-15,-0.676497,0.685494,-0.870703,-0.385436,1.686638,0.000000,0.000000,0.000000,-0.575383,0.096931,-0.575383,0.019386,-0.372166,1,0.006679,-0.022477,-0.000000,-0.575383,0.096931,-0.000517,-0.001283,-0.001283,1.686638,1.624183,-0.128333
3.306792,-1.353035,-28,-28,-0.444439,0.435540,-0.864614,-0.440798,1.673363,0.000000,0.000000,0.000000,-0.519785,0.096931,-0.519785,0.019386,-0.718665,1,-0.008673,-0.009515,-0.000000,-0.519785,0.096931,-0.002212,0.000000,0.000000,1.673363,1.618168,0.000000
3.242596,-1.354107,-31,-33,-0.499038,0.431502,-0.856690,-0.518937,1.670796,0.000000,0.000000,0.000000,-0.441379,0.096931,-0.441379,0.019386,-0.821331,1,0.028277,-0.006194,0.000000,-0.441379,0.096931,-0.001217,-0.001283,-0.001283,1.669513,1.607384,-0.128333
3.167271,-1.370522,-37,-39,-0.368489,0.388920,-0.847684,-0.617470,1.654113,0.000000,0.000000,0.000000,-0.342616,0.096931,-0.342616,0.019386,-0.975331,1,0.027844,0.010481,0.000000,-0.342616,0.096931,0.000423,-0.002567,-0.002567,1.654113,1.593226,-0.256666
3.094929,-1.367244,-44,-42,-0.248287,0.342191,-0.840071,-0.715864,1.650927,0.000000,0.000000,0.000000,-0.122068,0.096931,-0.244136,0.019386,-1.103664,1,-0.030381,0.012478,-0.000000,-0.122068,0.096931,0.002270,0.002567,0.002567,1.650927,1.571087,0.256666
2.980772,-1.351082,-40,-42,0.237533,-0.277548,-0.830612,-0.822086,1.666884,0.000000,0.000000,0.000000,-0.096642,1.500000,-0.193283,1.354890,-1.052331,0,0.122521,0.059644,-0.000000,-0.096642,1.500000,0.001840,-0.002567,0.001840,1.666884,3.026272,0.184011
2.907041,-1.343226,-33,-23,0.553652,0.058702,-0.822225,-0.908691,1.675728,0.000000,0.000000,0.000000,-0.096642,1.500000,-0.193283,1.423680,-0.718665,0,0.149400,0.201349,0.000000,-0.096642,1.500000,0.002297,0.012833,0.002297,1.675728,3.098219,0.229657
2.929942,-1.106729,-34,-13,-0.160608,0.288710,-0.810421,-0.968224,1.904392,0.000000,0.000000,0.000000,-0.096642,-1.500000,-0.193283,-4.629717,-0.603165,0,-0.404267,0.051378,0.000000,-0.096642,-1.500000,0.027376,0.026950,0.026950,1.904392,-3.134566,2.694994
2.963893,-0.948055,-3,-17,-1.000000,0.369503,-0.794193,-1.004745,2.070760,0.000000,0.000000,0.000000,-0.096642,-1.500000,-0.193283,-5.168910,-0.256666,0,0.058519,-0.255541,0.000000,-0.096642,-1.500000,-0.015804,-0.017967,-0.017967,2.070760,-3.102844,-1.796662
3.017353,-1.251939,0,-29,-0.619722,0.343364,-0.780152,-1.040139,1.768441,0.000000,0.000000,0.000000,-0.096642,-1.500000,-0.193283,-4.833958,-0.372166,0,0.107776,-0.117215,-0.000000,-0.096642,-1.500000,-0.028356,-0.037217,-0.028356,1.768441,-3.071420,-2.835619
3.023969,-1.530113,0,-19,-0.209687,0.400628,-0.778364,-1.065123,1.485645,0.000000,0.000000,0.000000,-0.096642,-1.500000,-0.193283,-1.389661,-0.243833,0,0.008033,0.013544,-0.000000,-0.096642,-1.500000,-0.017558,-0.024383,-0.017558,1.485645,0.092084,-1.755834
3.051400,-1.675613,0,-8,-0.219731,0.399476,-0.780074,-1.076658,1.337674,0.000000,0.000000,0.000000,-0.096642,-1.500000,-0.193283,-1.235518,-0.102666,0,-0.149311,0.008302,-0.000000,-0.096642,-1.500000,-0.002175,-0.010267,-0.002175,1.337674,0.101970,-0.217497
3.082808,-1.733771,2,-9,-0.549745,0.261866,-0.781706,-1.082862,1.274534,0.000000,0.000000,0.000000,-0.096642,-1.500000,-0.193283,-1.167796,-0.089833,0,-0.180438,-0.079194,-0.000000,-0.096642,-1.500000,0.000251,-0.014117,0.000251,1.274534,0.107200,0.025141
3.090938,-1.811970,2,-9,-0.422418,0.031748,-0.783758,-1.088938,1.196498,0.000000,0.000000,0.000000,-0.096642,-1.500000,-0.193283,-1.083027,-0.089833,0,-0.097541,-0.149463,-0.000000,-0.096642,-1.500000,-0.006861,-0.014117,-0.006861,1.196498,0.112258,-0.686097
3.079235,-1.907976,5,-5,-0.038079,-0.466011,-0.784994,-1.092039,1.093213,0.000000,0.000000,0.000000,-0.096642,-1.500000,-0.193283,-0.975872,0.000000,0,-0.026869,-0.194735,-0.000000,-0.096642,-1.500000,-0.010583,-0.012833,-0.012833,1.093213,0.114811,-1.283330
3.119143,-2.057744,7,-6,-0.534317,0.118505,-0.783605,-1.089730,0.940227,0.000000,0.000000,0.000000,-0.096642,-1.500000,-0.193283,-0.825388,0.012833,0,-0.056321,-0.207351,-0.000000,-0.096642,-1.500000,-0.010478,-0.016683,-0.010478,0.940227,0.112957,-1.047850
3.136283,-2.194885,7,-7,-0.431654,0.020907,-0.781475,-1.087162,0.794791,0.000000,0.000000,0.000000,-0.096642,-1.500000,-0.193283,-0.682153,0.000000,0,-0.066953,-0.212132,-0.000000,-0.096642,-1.500000,-0.009701,-0.017967,-0.009701,0.794791,0.110944,-0.970101
3.142427,-2.303428,2,-6,-0.008076,-0.448743,-0.781167,-1.086740,0.690821,0.000000,0.000000,0.000000,-0.096642,-1.500000,-0.193283,-0.577986,-0.051333,0,-0.044045,-0.257695,0.000000,-0.096642,-1.500000,-0.011202,-0.010267,-0.010267,0.690821,0.110609,-1.026664
3.133708,-2.403250,4,-6,-0.087370,-0.511713,-0.783009,-1.088132,0.579719,0.000000,0.000000,0.000000,-0.096642,-1.500000,-0.193283,-0.465290,-0.025667,0,-0.014165,-0.295983,0.000000,-0.096642,-1.500000,-0.012009,-0.012833,-0.012833,0.579719,0.111634,-1.283330
3.133142,-2.528440,4,-7,-0.507606,-0.106059,-0.785686,-1.089652,0.446252,0.000000,0.000000,0.000000,-0.096642,-1.500000,-0.193283,-0.330718,-0.038500,0,-0.011744,-0.312467,-0.000000,-0.096642,-1.500000,-0.013315,-0.014117,-0.014117,0.446252,0.112686,-1.411663
3.127522,-2.639289,2,-4,0.250100,-0.251746,-0.791134,-1.091921,0.346152,0.000000,0.000000,0.000000,-0.096642,-1.152777,-0.193283,-0.230555,-0.025667,0,-0.041956,-0.030600,-0.000000,-0.096642,-1.152777,-0.006160,-0.007700,-0.007700,0.346152,0.114103,-0.769998
3.157986,-2.665245,0,0,-0.392151,0.158975,-0.791984,-1.092212,0.328715,0.000000,0.000000,0.000000,-0.096642,-1.072092,-0.193283,-0.214418,0.000000,0,-0.105786,-0.134825,0.000000,-0.096642,-1.072092,-0.000999,0.000000,0.000000,0.328715,0.114269,0.000000
3.165282,-2.729419,0,-8,-0.529615,0.098750,-0.799087,-1.094432,0.262943,0.000000,0.000000,0.000000,-0.096642,-0.726337,-0.193283,-0.145267,-0.102666,0,0.035311,-0.158930,0.000000,-0.096642,-0.726337,-0.010122,-0.010267,-0.010267,0.262943,0.115466,-1.026664
3.145123,-2.859865,0,-13,-0.352707,0.112158,-0.814155,-1.097556,0.125445,0.000000,0.000000,0.000000,-0.096642,-0.027118,-0.193283,-0.005424,-0.166833,1,0.165145,-0.055354,0.000000,-0.096642,-0.027118,-0.013652,-0.016683,-0.016683,0.125445,0.116621,-1.668329
2.988001,-2.929419,-20,-14,0.923679,-0.630923,-0.861259,-1.100835,0.057167,0.000000,0.000000,0.000000,0.700000,-0.027118,1.229353,-0.005424,-0.436332,1,0.020025,0.009960,0.000000,0.700000,-0.027118,-0.000823,0.007700,-0.000823,0.057167,0.114812,-0.082254
2.894090,-2.858530,0,2,0.243513,-0.183895,-0.884048,-1.102376,0.121954,0.000000,0.000000,0.000000,0.700000,-0.027118,1.252169,-0.005424,0.025667,1,-0.094636,-0.057169,-0.000000,0.700000,-0.027118,0.008321,0.002567,0.008321,0.121954,0.113950,0.832057
2.884740,-2.845871,3,0,0.452372,-0.584235,-0.881378,-1.102016,0.133399,0.000000,0.000000,0.000000,0.700000,-0.027118,1.249475,-0.005424,0.038500,1,0.048475,-0.065691,0.000000,0.700000,-0.027118,-0.000670,-0.003850,-0.003850,0.133399,0.113907,-0.384999
2.854136,-2.880340,14,10,1.000000,-0.977819,-0.861098,-1.099765,0.088482,0.000000,0.000000,0.000000,0.700000,-0.027118,1.229071,-0.005424,0.307999,1,0.043066,-0.020885,-0.000000,0.700000,-0.027118,-0.004636,-0.005133,-0.005133,0.088482,0.113963,-0.513332
2.912384,-2.919153,22,20,1.000000,-0.954216,-0.804375,-1.096004,0.048317,0.000000,0.000000,0.000000,0.700000,-0.027118,1.172291,-0.005424,0.538999,1,0.026835,0.018949,0.000000,0.700000,-0.027118,-0.003920,-0.002567,-0.002567,0.048317,0.116277,-0.256666
2.974124,-2.911761,25,28,0.976004,-1.000000,-0.731305,-1.092601,0.057381,0.000000,0.000000,0.000000,0.700000,-0.027118,1.099331,-0.005424,0.680165,1,-0.032666,0.008670,0.000000,0.700000,-0.027118,0.000917,0.003850,0.003850,0.057381,0.120914,0.384999
3.004346,-2.900083,29,30,0.984155,-1.000000,-0.653457,-1.087345,0.077915,0.000000,0.000000,0.000000,0.700000,-0.027118,1.021426,-0.005424,0.757165,1,-0.004555,-0.011289,0.000000,0.700000,-0.027118,-0.000026,0.001283,0.001283,0.077915,0.124999,0.128333
3.053530,-2.899966,37,36,1.000000,-0.992893,-0.560064,-1.079976,0.072781,0.000000,0.000000,0.000000,0.700000,-0.027118,0.927854,-0.005424,0.936831,1,0.012906,-0.005799,0.000000,0.700000,-0.027118,0.000109,-0.001283,-0.001283,0.072781,0.129668,-0.128333
3.105054,-2.891155,37,38,0.980071,-1.000000,-0.460102,-1.072678,0.074744,0.000000,0.000000,0.000000,0.700000,-0.027118,0.827807,-0.005424,0.962498,1,-0.011666,-0.008263,0.000000,0.700000,-0.027118,0.001028,0.001283,0.001283,0.074744,0.136541,0.128333
3.139890,-2.890175,40,40,0.556380,-0.538524,-0.349417,-1.064220,0.073997,0.000000,0.000000,0.000000,0.700000,-0.027118,0.717032,-0.005424,1.026664,1,-0.004076,-0.007362,-0.000000,0.700000,-0.027118,0.000914,0.000000,0.000000,0.073997,0.145866,0.000000
3.165950,-2.872403,41,41,0.440881,-0.595487,-0.249247,-1.056285,0.085837,0.000000,0.000000,0.000000,0.616808,-0.027118,0.616808,-0.005424,1.052331,1,0.014633,-0.018820,0.000000,0.616808,-0.027118,0.002750,0.000000,0.000000,0.085837,0.156742,0.000000
3.197015,-2.868315,41,40,0.329778,-0.465484,-0.148106,-1.047625,0.085260,0.000000,0.000000,0.000000,0.515606,-0.027118,0.515606,-0.005424,1.039498,1,0.028206,-0.017967,0.000000,0.515606,-0.027118,0.001997,-0.001283,-0.001283,0.085260,0.170774,-0.128333
3.238363,-2.859760,38,36,0.300264,-0.389856,-0.049569,-1.038659,0.094722,0.000000,0.000000,0.000000,0.417054,-0.027118,0.417054,-0.005424,0.949664,1,0.035831,-0.027272,0.000000,0.417054,-0.027118,-0.000655,-0.002567,-0.002567,0.094722,0.189743,-0.256666
3.265679,-2.876091,30,30,0.322153,-0.239835,0.039280,-1.030856,0.082493,0.000000,0.000000,0.000000,0.328454,-0.027118,0.328454,-0.005424,0.769998,1,-0.014319,-0.016068,-0.000000,0.328454,-0.027118,-0.002734,0.000000,0.000000,0.082493,0.217436,0.000000
3.277239,-2.902468,36,33,0.297704,-0.247511,0.119127,-1.024770,0.063208,0.000000,0.000000,0.000000,0.124715,-0.027118,0.249429,-0.005424,0.885498,1,0.041983,0.004368,0.000000,0.124715,-0.027118,0.000033,-0.003850,-0.003850,0.063208,0.262683,-0.384999
3.333141,-2.892187,14,14,-0.354228,0.256613,0.189450,-1.020473,0.070381,0.000000,0.000000,0.000000,0.097228,-0.027118,0.194456,-0.005424,0.359333,0,0.011354,-0.003431,0.000000,0.097228,-0.027118,0.003829,0.000000,0.000000,0.070381,0.321262,0.000000
3.269367,-2.900151,23,28,0.600372,0.091044,0.237334,-1.017190,0.054252,0.000000,0.000000,0.000000,0.097228,1.500000,0.194456,0.386490,0.654498,0,0.196372,0.163131,0.000000,0.097228,1.500000,-0.003668,0.006417,-0.003668,0.054252,0.436266,-0.366783
3.304994,-2.685902,-13,11,-0.427870,0.245894,0.270864,-1.014897,0.266313,0.000000,0.000000,0.000000,0.097228,1.388929,0.194456,0.277786,-0.025667,0,-0.237821,0.091092,-0.000000,0.097228,1.388929,0.037621,0.030800,0.037621,0.266313,0.552012,3.762078
3.263937,-2.446450,-3,0,-0.565396,0.238104,0.282449,-1.010059,0.508282,0.000000,0.000000,0.000000,0.097228,0.308618,0.194456,0.061724,-0.038500,0,-0.121037,-0.075536,0.000000,0.097228,0.308618,0.015435,0.003850,0.015435,0.508282,0.573207,1.543498
3.246541,-2.430912,-6,-7,-0.513871,0.407062,0.283789,-1.009300,0.530369,0.000000,0.000000,0.000000,0.097228,0.219871,0.194456,0.043974,-0.166833,0,0.038397,-0.071863,0.000000,0.097228,0.219871,-0.000695,-0.001283,-0.001283,0.530369,0.574184,-0.128333
3.230883,-2.441469,-14,-6,-0.594015,0.676577,0.276548,-1.013442,0.512673,0.000000,0.000000,0.000000,0.097228,0.286737,0.194456,0.057347,-0.256666,0,0.065039,-0.028090,0.000000,0.097228,0.286737,-0.002612,0.010267,-0.002612,0.512673,0.569594,-0.261188
3.187544,-2.422646,-15,-10,-0.441161,0.444218,0.256278,-1.024784,0.519519,0.000000,0.000000,0.000000,0.097228,0.185373,0.194456,0.037075,-0.256666,0,-0.016408,-0.008130,-0.000000,0.097228,0.185373,0.001437,0.002567,0.002567,0.519519,0.557459,0.256666
3.120936,-2.380377,-14,-12,0.142102,-0.271124,0.225237,-1.043136,0.553565,0.000000,0.000000,0.000000,0.077503,0.027320,0.155007,0.005464,-0.333666,0,-0.013702,-0.035511,0.000000,0.077503,0.027320,0.003195,0.002567,0.002567,0.553565,0.552797,0.256666
3.102637,-2.370785,-8,-7,-0.121045,0.286816,0.202852,-1.057199,0.563832,0.000000,0.000000,0.000000,0.077503,0.502588,0.155007,0.100518,-0.192500,0,0.037544,0.009263,0.000000,0.077503,0.502588,-0.000505,0.001283,0.001283,0.563832,0.664717,0.128333
3.120482,-2.351970,-10,-12,-0.451823,0.514755,0.183076,-1.070101,0.594156,0.000000,0.000000,0.000000,0.077503,0.315714,0.155007,0.063143,-0.282333,0,-0.061134,0.017434,-0.000000,0.077503,0.315714,0.007224,-0.002567,0.007224,0.594156,0.659278,0.722432
3.111820,-2.318366,-12,-14,-0.469499,0.414544,0.159045,-1.087015,0.629610,0.000000,0.000000,0.000000,0.077503,0.124828,0.155007,0.024966,-0.333666,0,-0.052803,0.002358,-0.000000,0.077503,0.124828,0.005108,-0.002567,0.005108,0.629610,0.655943,0.510764
3.087498,-2.300197,-23,-25,-0.648386,0.578836,0.127976,-1.110183,0.649698,0.000000,0.000000,0.000000,0.443756,0.094188,0.443756,0.018838,-0.615999,1,-0.067841,-0.014785,-0.000000,0.443756,0.094188,0.004688,-0.002567,0.004688,0.649698,0.654614,0.468802
2.945436,-2.316601,-14,-19,0.450239,-0.339428,0.081488,-1.145088,0.630534,0.000000,0.000000,0.000000,0.501887,0.094188,0.501887,0.018838,-0.423499,1,0.003402,0.005835,-0.000000,0.501887,0.094188,-0.001198,-0.006417,-0.001198,0.630534,0.653390,-0.119781
2.912274,-2.303094,-5,-2,0.215402,-0.320561,0.064658,-1.157293,0.641283,0.000000,0.000000,0.000000,0.522670,0.094188,0.522670,0.018838,-0.089833,1,-0.045613,-0.005916,-0.000000,0.522670,0.094188,0.001850,0.003850,0.003850,0.641283,0.652359,0.384999
2.909488,-2.296035,-2,0,0.246914,-0.222447,0.058786,-1.161655,0.633364,0.000000,0.000000,0.000000,0.529985,0.094188,0.529985,0.018838,-0.025667,1,0.026192,0.003469,0.000000,0.529985,0.094188,-0.002052,0.002567,-0.002052,0.633364,0.652173,-0.205231
2.894578,-2.303353,5,5,0.313495,-0.283733,0.062227,-1.159186,0.623835,0.000000,0.000000,0.000000,0.525751,0.094188,0.525751,0.018838,0.128333,1,0.005599,0.012577,0.000000,0.525751,0.094188,0.001207,0.000000,0.000000,0.623835,0.652412,0.000000
2.897274,-2.284348,17,19,0.384606,-0.422449,0.083936,-1.143218,0.644368,0.000000,0.000000,0.000000,0.498807,0.094188,0.498807,0.018838,0.461999,1,-0.024310,-0.008567,0.000000,0.498807,0.094188,0.001331,0.002567,0.002567,0.644368,0.653396,0.256666
2.962518,-2.258384,24,24,0.356445,-0.428516,0.125963,-1.110718,0.670312,0.000000,0.000000,0.000000,0.445680,0.094188,0.445680,0.018838,0.615999,1,0.012641,-0.033755,0.000000,0.445680,0.094188,0.001344,0.000000,0.000000,0.670312,0.652819,0.000000
3.050455,-2.262292,25,27,0.209351,-0.242858,0.177534,-1.070003,0.667898,0.000000,0.000000,0.000000,0.379983,0.094188,0.379983,0.018838,0.667332,1,-0.042376,-0.032466,-0.000000,0.379983,0.094188,-0.000077,0.002567,0.002567,0.667898,0.650141,0.256666
3.125279,-2.254229,26,27,0.177878,-0.297608,0.236558,-1.023194,0.676128,0.000000,0.000000,0.000000,0.304671,0.094188,0.304671,0.018838,0.680165,1,-0.012476,-0.040085,0.000000,0.304671,0.094188,0.000370,0.001283,0.001283,0.676128,0.645110,0.128333
3.178170,-2.254958,27,27,0.252754,-0.332385,0.291509,-0.979101,0.672961,0.000000,0.000000,0.000000,0.117130,0.094188,0.234260,0.018838,0.692998,1,-0.012023,-0.036908,-0.000000,0.117130,0.094188,-0.000154,0.000000,0.000000,0.672961,0.635760,0.000000
3.241240,-2.270112,22,22,-0.245586,0.196694,0.341745,-0.939180,0.666528,0.000000,0.000000,0.000000,0.098088,-1.500000,0.196176,-1.576820,0.564665,0,-0.167172,-0.078644,-0.000000,0.098088,-1.500000,-0.002362,0.000000,0.000000,0.666528,-0.850944,0.000000
3.263736,-2.279443,17,17,0.432286,-0.105502,0.379295,-0.909700,0.666588,0.000000,0.000000,0.000000,0.098088,1.500000,0.196176,0.529167,0.436332,0,0.153136,0.077837,0.000000,0.098088,1.500000,0.002520,0.000000,0.000000,0.666588,1.204505,0.000000
3.270284,-2.225348,7,16,0.486878,-0.052573,0.408174,-0.886433,0.719488,0.000000,0.000000,0.000000,0.098088,1.336190,0.196176,0.267238,0.295166,0,0.016780,0.169930,-0.000000,0.098088,1.336190,0.013180,0.011550,0.011550,0.719488,0.991029,1.154997
3.254578,-2.075493,-1,11,0.479296,-0.302549,0.423502,-0.871484,0.880345,0.000000,0.000000,0.000000,0.098088,0.323254,0.196176,0.064651,0.128333,0,-0.130859,0.081518,-0.000000,0.098088,0.323254,0.012625,0.015400,0.015400,0.880345,0.948477,1.539996
3.227912,-1.962117,0,3,0.299962,-0.458957,0.428205,-0.865391,0.983463,0.000000,0.000000,0.000000,-0.057931,-1.123229,-0.115861,-0.224646,0.038500,0,-0.156423,-0.071971,-0.000000,-0.057931,-1.123229,0.006260,0.003850,0.003850,0.983463,0.759946,0.384999
3.206826,-1.977298,0,-6,-0.061241,-0.521823,0.426525,-0.867973,0.974183,0.000000,0.000000,0.000000,-0.057931,-1.057918,-0.115861,-0.211584,-0.077000,0,-0.024640,-0.174083,0.000000,-0.057931,-1.057918,-0.009677,-0.007700,-0.007700,0.974183,0.760916,-0.769998
3.166848,-2.103898,-1,-12,-0.351700,0.087655,0.416815,-0.880572,0.849178,0.000000,0.000000,0.000000,-0.057931,-0.404884,-0.115861,-0.080977,-0.166833,0,0.158214,-0.117029,0.000000,-0.057931,-0.404884,-0.018569,-0.014117,-0.018569,0.849178,0.764144,-1.856899
3.135647,-2.237873,-4,-8,0.416969,-0.110464,0.402818,-0.894320,0.711906,0.000000,0.000000,0.000000,0.700000,-0.035593,0.771978,-0.007119,-0.154000,1,0.102078,0.012198,0.000000,0.700000,-0.035593,-0.009906,-0.005133,-0.009906,0.711906,0.764456,-0.990605
3.090456,-2.265787,-28,-23,-0.161435,0.371944,0.374984,-0.917045,0.689436,0.000000,0.000000,0.000000,0.700000,-0.035593,0.807801,-0.007119,-0.654498,1,-0.074654,0.031058,-0.000000,0.700000,-0.035593,0.005332,0.006417,0.006417,0.689436,0.760911,0.641665
2.864500,-2.189261,-17,-14,0.844737,-1.000000,0.330755,-0.955929,0.759155,0.000000,0.000000,0.000000,0.700000,-0.035593,0.866649,-0.007119,-0.397832,1,-0.035371,-0.037858,0.000000,0.700000,-0.035593,0.007142,0.003850,0.003850,0.759155,0.758211,0.384999
2.878475,-2.194500,4,0,0.262626,-0.345234,0.335862,-0.951057,0.744981,0.000000,0.000000,0.000000,0.700000,-0.035593,0.859591,-0.007119,0.051333,1,0.067927,-0.021575,0.000000,0.700000,-0.035593,-0.001553,-0.005133,-0.005133,0.744981,0.758182,-0.513332
2.838209,-2.210575,5,5,0.763695,-0.788018,0.339858,-0.947440,0.729520,0.000000,0.000000,0.000000,0.700000,-0.035593,0.854203,-0.007119,0.128333,1,-0.002499,-0.007552,-0.000000,0.700000,-0.035593,-0.001342,0.000000,0.000000,0.729520,0.758325,0.000000
2.886518,-2.210483,20,21,0.343332,-0.257691,0.371049,-0.919945,0.722718,0.000000,0.000000,0.000000,0.700000,-0.035593,0.812651,-0.007119,0.526165,1,-0.015516,-0.001016,-0.000000,0.700000,-0.035593,0.003995,0.001283,0.001283,0.722718,0.760157,0.128333
2.924904,-2.189071,23,26,0.487020,-0.521071,0.413456,-0.881888,0.740684,0.000000,0.000000,0.000000,0.700000,-0.035593,0.755697,-0.007119,0.628832,1,-0.050631,-0.019700,-0.000000,0.700000,-0.035593,0.002991,0.003850,0.003850,0.740684,0.762326,0.384999
2.964812,-2.181940,32,30,0.369766,-0.468139,0.467558,-0.831519,0.748384,0.000000,0.000000,0.000000,0.681784,-0.035593,0.681784,-0.007119,0.795665,1,0.032988,-0.025692,0.000000,0.681784,-0.035593,-0.000226,-0.002567,-0.002567,0.748384,0.763697,-0.256666
3.044034,-2.191453,38,36,0.263154,-0.286279,0.535397,-0.768596,0.742050,0.000000,0.000000,0.000000,0.589269,-0.035593,0.589269,-0.007119,0.949664,1,0.029329,-0.019433,0.000000,0.589269,-0.035593,0.000019,-0.002567,-0.002567,0.742050,0.766189,-0.256666
3.130904,-2.193324,35,35,0.326431,-0.398252,0.614215,-0.696567,0.736286,0.000000,0.000000,0.000000,0.482540,-0.035593,0.482540,-0.007119,0.898331,1,-0.002977,-0.014329,-0.000000,0.482540,-0.035593,-0.000108,0.000000,0.000000,0.736286,0.771890,0.000000
3.191175,-2.196011,38,37,0.283418,-0.247276,0.687265,-0.630978,0.728944,0.000000,0.000000,0.000000,0.384465,-0.035593,0.384465,-0.007119,0.962498,1,0.016913,-0.006581,0.000000,0.384465,-0.035593,0.000068,-0.001283,-0.001283,0.728944,0.782166,-0.128333
3.274437,-2.194026,36,33,-0.402290,0.316914,0.759533,-0.567019,0.722911,0.000000,0.000000,0.000000,0.144087,-0.035593,0.288174,-0.007119,0.885498,1,-0.063081,-0.002181,-0.000000,0.144087,-0.035593,0.004246,-0.003850,0.004246,0.722911,0.801476,0.424552
3.308759,-2.205965,27,26,-0.367277,0.405881,0.819707,-0.513987,0.715567,0.000000,0.000000,0.000000,0.104156,-0.035593,0.208313,-0.007119,0.680165,1,0.012557,0.006708,-0.000000,0.104156,-0.035593,0.000564,-0.001283,-0.001283,0.715567,0.831900,-0.128333
3.313820,-2.206744,21,21,-0.196124,0.216595,0.868222,-0.471600,0.723267,0.000000,0.000000,0.000000,0.097340,1.500000,0.194679,0.738552,0.538999,0,0.152228,0.106860,0.000000,0.097340,1.500000,0.000774,0.000000,0.000000,0.723267,1.460878,0.000000
3.314494,-2.161994,11,21,0.587220,-0.048771,0.904741,-0.438898,0.765978,0.000000,0.000000,0.000000,0.097340,1.500000,0.194679,0.733929,0.410666,0,0.024817,0.211547,0.000000,0.097340,1.500000,0.016837,0.012833,0.012833,0.765978,1.501738,1.283330
3.292489,-1.897715,0,23,0.509550,-0.122958,0.926859,-0.413362,1.024664,0.000000,0.000000,0.000000,0.097340,1.500000,0.194679,0.497718,0.295166,0,-0.142574,0.114442,0.000000,0.097340,1.500000,0.028378,0.029517,0.029517,1.024664,1.527969,2.951660
3.287821,-1.698696,1,11,-0.301185,0.268995,0.932906,-0.400504,1.225390,0.000000,0.000000,0.000000,0.097340,1.500000,0.194679,0.307153,0.154000,0,0.014489,0.066925,-0.000000,0.097340,1.500000,0.010255,0.012833,0.012833,1.225390,1.535185,1.283330
3.244017,-1.582141,-9,0,0.290106,-0.111457,0.929933,-0.410998,1.341667,0.000000,0.000000,0.000000,0.097340,0.938603,0.194679,0.187721,-0.115500,0,-0.023525,0.071398,-0.000000,0.097340,0.938603,0.011568,0.011550,0.011550,1.341667,1.531818,1.154997
3.198467,-1.462902,-14,-4,-0.170056,0.250087,0.926479,-0.430965,1.466776,0.000000,0.000000,0.000000,0.097340,0.294982,0.194679,0.058996,-0.230999,0,-0.100486,0.003429,-0.000000,0.097340,0.294982,0.011543,0.012833,0.012833,1.466776,1.528442,1.283330
3.140352,-1.386519,-13,-9,-0.339459,0.149537,0.924445,-0.462334,1.538410,0.000000,0.000000,0.000000,0.700000,0.095982,0.823103,0.019196,-0.282333,1,-0.047463,-0.060718,0.000000,0.700000,0.095982,0.003377,0.005133,0.005133,1.538410,1.527586,0.513332
2.995835,-1.371516,-18,-23,0.442673,-0.679226,0.923124,-0.518015,1.546557,0.000000,0.000000,0.000000,0.700000,0.095982,0.878789,0.019196,-0.526165,1,0.003985,-0.067815,0.000000,0.700000,0.095982,-0.000070,-0.006417,-0.000070,1.546557,1.528821,-0.007010
2.837873,-1.463633,1,1,0.384084,-0.344569,0.920815,-0.559393,1.453443,0.000000,0.000000,0.000000,0.700000,0.095982,0.920228,0.019196,0.000000,1,0.143291,0.040583,0.000000,0.700000,0.095982,-0.012438,-0.002567,-0.012438,1.441005,1.528202,-1.243794
2.868457,-1.470145,-3,1,0.226012,-0.284005,0.920639,-0.560665,1.445351,0.000000,0.000000,0.000000,0.700000,0.095982,0.921506,0.019196,-0.025667,1,-0.061060,0.032064,-0.000000,0.700000,0.095982,0.002644,0.005133,0.005133,1.445351,1.528070,0.513332
2.820729,-1.475342,9,6,1.000000,-0.908466,0.921291,-0.555702,1.433802,0.000000,0.000000,0.000000,0.700000,0.095982,0.916520,0.019196,0.192500,1,0.045740,0.045795,0.000000,0.700000,0.095982,-0.004283,-0.003850,-0.003850,1.433802,1.528549,-0.384999
2.871347,-1.467661,13,16,0.997932,-1.000000,0.927134,-0.514794,1.437559,0.000000,0.000000,0.000000,0.700000,0.095982,0.875412,0.019196,0.372166,1,-0.042308,0.040240,-0.000000,0.700000,0.095982,0.002573,0.003850,0.003850,1.437559,1.533244,0.384999
2.925657,-1.432667,22,25,0.972277,-1.000000,0.934441,-0.454019,1.467588,0.000000,0.000000,0.000000,0.700000,0.095982,0.814420,0.019196,0.603165,1,-0.038021,0.010298,0.000000,0.700000,0.095982,0.002165,0.003850,0.003850,1.467588,1.539408,0.384999
2.987972,-1.418620,29,30,0.982899,-1.000000,0.941743,-0.376465,1.486838,0.000000,0.000000,0.000000,0.700000,0.095982,0.736691,0.019196,0.757165,1,-0.008747,-0.008354,0.000000,0.700000,0.095982,-0.000055,0.001283,0.001283,1.486838,1.546011,0.128333
3.033822,-1.416768,31,32,0.970306,-1.000000,0.948459,-0.292805,1.491971,0.000000,0.000000,0.000000,0.652907,0.095982,0.652907,0.019196,0.808498,1,-0.016057,-0.013637,-0.000000,0.652907,0.095982,-0.000069,0.001283,0.001283,1.491971,1.553119,0.128333
3.080353,-1.412591,36,36,0.762600,-0.743677,0.956730,-0.193949,1.479586,0.000000,0.000000,0.000000,0.553959,0.095982,0.553959,0.019196,0.923998,1,-0.002612,-0.000977,-0.000000,0.553959,0.095982,0.000426,0.000000,0.000000,1.479586,1.564893,0.000000
3.133995,-1.413942,39,40,0.743114,-0.733949,0.965854,-0.097360,1.475451,0.000000,0.000000,0.000000,0.457398,0.095982,0.457398,0.019196,1.013831,1,-0.016149,0.002881,-0.000000,0.457398,0.095982,0.000153,0.001283,0.001283,1.475451,1.583594,0.128333
3.209510,-1.410564,43,41,0.337439,-0.422578,0.975395,0.004862,1.484632,0.000000,0.000000,0.000000,0.355472,0.095982,0.355472,0.019196,1.077997,1,-0.016382,-0.006304,0.000000,0.355472,0.095982,0.002078,-0.002567,0.002078,1.484632,1.614117,0.207770
3.287154,-1.412481,34,33,0.397240,-0.344821,0.983961,0.101502,1.482707,0.000000,0.000000,0.000000,0.129803,0.095982,0.259606,0.019196,0.859831,1,0.008195,-0.003876,-0.000000,0.129803,0.095982,-0.003075,-0.001283,-0.001283,1.482707,1.663226,-0.128333
3.316228,-1.422681,22,22,0.258786,-0.281299,0.991177,0.177389,1.476571,0.000000,0.000000,0.000000,0.098400,1.500000,0.196799,1.787727,0.564665,0,0.191853,0.021010,0.000000,0.098400,1.500000,0.003432,0.000000,0.000000,1.476571,2.903119,0.000000
3.319914,-1.403952,20,22,0.513806,0.087607,0.996456,0.236572,1.488120,0.000000,0.000000,0.000000,0.098400,1.500000,0.196799,1.492490,0.538999,0,0.116606,0.157924,-0.000000,0.098400,1.500000,0.001266,0.002567,0.002567,1.488120,2.979852,0.256666
3.309152,-1.245454,-2,16,-0.218031,0.405928,0.998664,0.281273,1.640769,0.000000,0.000000,0.000000,0.098400,1.500000,0.196799,1.393026,0.179666,0,-0.085539,0.166147,-0.000000,0.098400,1.500000,0.023846,0.023100,0.023100,1.640769,3.038193,2.309995
3.313011,-0.990485,-6,7,-0.468659,0.385628,0.995047,0.303134,1.894441,0.000000,0.000000,0.000000,0.098400,1.500000,0.196799,1.167265,0.012833,0,-0.080507,0.062579,0.000000,0.098400,1.500000,0.023475,0.016683,0.023475,1.894441,3.066420,2.347469
3.290488,-0.890834,-9,-1,-0.411391,0.746789,0.993832,0.306517,2.001910,0.000000,0.000000,0.000000,0.098400,1.500000,0.196799,1.067224,-0.128333,0,0.086925,0.108529,-0.000000,0.098400,1.500000,0.005907,0.010267,0.005907,2.001910,3.070763,0.590730
3.249127,-0.766972,-19,-5,-0.614031,0.827973,1.001251,0.292743,2.133227,0.000000,0.000000,0.000000,0.098400,1.500000,0.196799,0.915739,-0.307999,0,-0.036922,0.124681,-0.000000,0.098400,1.500000,0.014432,0.017967,0.017967,2.133227,3.053471,1.796662
3.195060,-0.594241,-23,-7,-0.496657,0.708564,1.019567,0.268189,2.305986,0.000000,0.000000,0.000000,0.098400,1.500000,0.196799,0.713315,-0.384999,0,-0.064359,0.101361,-0.000000,0.098400,1.500000,0.018411,0.020533,0.020533,2.305986,3.024361,2.053329
3.132956,-0.392111,-24,-12,-0.363482,0.435460,1.048972,0.241304,2.510195,0.000000,0.000000,0.000000,0.098400,1.500000,0.196799,0.480600,-0.461999,0,-0.073577,0.046962,0.000000,0.098400,1.500000,0.022612,0.015400,0.022612,2.510195,2.995908,2.261156
3.091471,-0.201440,-20,-6,-0.266734,0.329135,1.079867,0.222306,2.691268,0.000000,0.000000,0.000000,0.098400,1.419874,0.196799,0.283975,-0.333666,0,-0.037273,0.015828,0.000000,0.098400,1.419874,0.018453,0.017967,0.017967,2.691268,2.979091,1.796663
3.090918,-0.014975,-17,-6,-0.432195,0.184023,1.110689,0.210712,2.881325,0.000000,0.000000,0.000000,0.098400,0.438546,0.196799,0.087709,-0.295166,0,-0.088887,-0.079687,0.000000,0.098400,0.438546,0.017389,0.014117,0.014117,2.881325,2.971784,1.411663
3.080336,0.102385,-19,-18,-0.949629,0.358782,1.144320,0.204294,3.009347,0.000000,0.000000,0.000000,0.700000,0.071032,0.917627,0.014206,-0.474832,1,-0.040210,-0.196505,0.000000,0.700000,0.071032,0.005810,0.001283,0.005810,3.009347,2.971085,0.580998
2.954252,-0.003776,-12,-24,-0.318066,0.436645,1.193748,0.196552,2.902418,0.000000,0.000000,0.000000,0.700000,0.071032,0.967652,0.014206,-0.461999,1,0.214371,-0.084378,-0.000000,0.700000,0.071032,-0.022468,-0.015400,-0.022468,2.902418,2.971867,-2.246823
2.855126,-0.135928,-7,-9,0.542221,-0.262593,1.223513,0.187331,2.776759,0.000000,0.000000,0.000000,0.700000,0.071032,0.998555,0.014206,-0.205333,1,0.063312,0.038194,-0.000000,0.700000,0.071032,-0.007268,-0.002567,-0.007268,2.776759,2.967800,-0.726765
2.835337,-0.097115,3,6,0.325295,-0.368738,1.219984,0.188518,2.806275,0.000000,0.000000,0.000000,0.700000,0.071032,0.994875,0.014206,0.115500,1,-0.046797,0.006429,-0.000000,0.700000,0.071032,0.004082,0.003850,0.003850,2.806275,2.968362,0.384999
2.830313,-0.069073,18,17,0.604038,-0.685397,1.197799,0.195820,2.829373,0.000000,0.000000,0.000000,0.700000,0.071032,0.971769,0.014206,0.449166,1,0.014437,-0.015421,0.000000,0.700000,0.071032,0.002007,-0.001283,-0.001283,2.829373,2.971829,-0.128333
2.862707,-0.074472,24,25,0.947288,-0.972484,1.149370,0.211642,2.825521,0.000000,0.000000,0.000000,0.700000,0.071032,0.921393,0.014206,0.628832,1,-0.011933,-0.012109,0.000000,0.700000,0.071032,-0.001632,0.001283,0.001283,2.825521,2.979873,0.128333
2.946642,-0.077549,37,37,0.655009,-0.694743,1.065805,0.239341,2.822953,0.000000,0.000000,0.000000,0.700000,0.071032,0.834573,0.014206,0.949664,1,0.003288,-0.009232,0.000000,0.700000,0.071032,-0.000532,0.000000,0.000000,2.822953,2.996509,0.000000
3.026604,-0.089031,37,37,0.516338,-0.504175,0.976566,0.268685,2.821347,0.000000,0.000000,0.000000,0.700000,0.071032,0.742204,0.014206,0.949664,1,-0.010576,-0.007911,-0.000000,0.700000,0.071032,-0.001197,0.000000,0.000000,2.821347,3.018248,0.000000
3.068657,-0.088024,39,40,0.522562,-0.526672,0.886650,0.298840,2.820063,0.000000,0.000000,0.000000,0.649535,0.071032,0.649535,0.014206,1.013831,1,-0.013048,-0.006678,-0.000000,0.649535,0.071032,0.001080,0.001283,0.001283,2.820063,3.047293,0.128333
3.059290,-0.228050,46,35,1.000000,-0.807825,0.798047,0.332047,2.681399,0.000000,0.000000,0.000000,0.558747,0.071032,0.558747,0.014206,1.039498,1,0.203876,0.136415,-0.000000,0.558747,0.071032,-0.021437,-0.014117,-0.021437,2.681399,3.091543,-2.143747
2.960732,-0.639630,29,50,1.000000,-0.493722,0.718458,0.389168,2.269818,0.000000,0.000000,0.000000,-0.479346,0.071032,-0.479346,0.014206,1.013831,1,0.469861,0.238538,-0.000000,-0.479346,0.071032,-0.047442,0.026950,-0.047442,2.269818,0.060887,-4.744208
2.700082,-1.044170,11,24,1.000000,-0.476401,0.672172,0.475999,1.865277,0.000000,0.000000,0.000000,-0.447469,0.071032,-0.447469,0.014206,0.449166,1,0.103985,0.294118,0.000000,-0.447469,0.071032,-0.009027,0.016683,-0.009027,1.865277,0.262229,-0.902653
2.405405,-0.873468,40,45,1.000000,-0.972674,0.647208,0.536655,2.040108,0.000000,0.000000,0.000000,-0.443875,0.071032,-0.443875,0.014206,1.090831,1,-0.041924,0.116307,0.000000,-0.443875,0.071032,0.003145,0.006417,0.006417,2.040108,0.409318,0.641665
1.948308,-0.833393,62,65,1.000000,-0.937572,0.576270,0.667811,2.080321,0.000000,0.000000,0.000000,-0.455878,0.071032,-0.455878,0.014206,1.629829,1,-0.055795,0.075811,-0.000000,-0.455878,0.071032,0.001296,0.003850,0.003850,2.080321,0.741243,0.384999
1.630715,-0.960960,61,65,1.000000,-0.778819,0.500855,0.817076,1.952753,0.000000,0.000000,0.000000,-0.526274,0.071032,-0.526274,0.014206,1.616996,1,0.209592,0.208797,-0.000000,-0.526274,0.071032,-0.021226,0.005133,-0.021226,1.952753,1.052198,-2.122569
1.313774,-1.159178,58,69,1.000000,-0.509095,0.454278,0.975543,1.754535,0.000000,0.000000,0.000000,-0.651774,0.071032,-0.651774,0.014206,1.629830,1,0.032525,0.068834,0.000000,-0.651774,0.071032,-0.000485,0.014117,-0.000485,1.754535,1.235805,-0.048542
1.200637,-1.299201,55,70,1.000000,-0.582663,0.437518,1.134417,1.614512,0.000000,0.000000,0.000000,-0.700000,0.071032,-0.799209,0.014206,1.604163,1,0.108192,0.210402,0.000000,-0.700000,0.071032,-0.008797,0.019250,-0.008797,1.614512,1.321067,-0.879657
1.266845,-1.420960,48,65,1.000000,-0.566167,0.439088,1.305964,1.492754,0.000000,0.000000,0.000000,-0.700000,0.071032,-0.966688,0.014206,1.450163,1,-0.009548,0.002747,-0.000000,-0.700000,0.071032,0.000004,0.021817,0.000004,1.492754,1.363363,0.000370
1.315874,-1.428993,58,67,1.000000,-0.959759,0.452488,1.462986,1.484722,0.000000,0.000000,0.000000,-0.700000,0.071032,-1.123267,0.014206,1.604163,1,0.003224,0.011041,0.000000,-0.700000,0.071032,-0.000315,0.011550,-0.000315,1.484722,1.380480,-0.031519
1.364725,-1.424538,67,71,1.000000,-0.994989,0.466833,1.633966,1.489178,0.000000,0.000000,0.000000,-0.700000,0.071032,-1.294003,0.014206,1.770996,1,0.002749,0.006576,0.000000,-0.700000,0.071032,-0.000088,0.005133,-0.000088,1.489178,1.394590,-0.008798
1.359088,-1.426229,67,69,1.000000,-0.981687,0.480509,1.807317,1.503917,0.000000,0.000000,0.000000,-0.700000,0.071032,-1.467164,0.014206,1.745329,1,-0.026549,-0.008761,-0.000000,-0.700000,0.071032,0.001219,0.002567,0.002567,1.503917,1.406125,0.256666
1.357656,-1.426876,71,72,1.000000,-0.992295,0.490836,1.981799,1.522115,0.000000,0.000000,0.000000,-0.700000,0.071032,-1.641082,0.014206,1.835162,1,-0.010791,-0.026637,0.000000,-0.700000,0.071032,0.000371,0.001283,0.001283,1.522115,1.417347,0.128333
1.357865,-1.426945,68,69,0.949051,-1.000000,0.498000,2.156183,1.537515,0.000000,0.000000,0.000000,-0.700000,0.071032,-1.814618,0.014206,1.758163,1,-0.012905,-0.042080,-0.000000,-0.700000,0.071032,0.000079,0.001283,0.001283,1.537515,1.428134,0.128333
1.356943,-1.427446,68,68,0.958699,-1.000000,0.503195,2.329611,1.545214,0.000000,0.000000,0.000000,-0.700000,0.071032,-1.987118,0.014206,1.745329,1,0.003368,-0.049448,0.000000,-0.700000,0.071032,0.000015,0.000000,0.000000,1.545214,1.437956,0.000000
1.355680,-1.427983,63,62,0.952433,-1.000000,0.507683,2.520647,1.546497,0.000000,0.000000,0.000000,-0.700000,0.071032,-2.177165,0.014206,1.604163,1,0.016126,-0.050471,0.000000,-0.700000,0.071032,-0.000122,-0.001283,-0.001283,1.546497,1.447534,-0.128333
1.355289,-1.428211,65,64,0.948922,-1.000000,0.511914,2.694743,1.545214,0.000000,0.000000,0.000000,-0.700000,0.071032,-2.350524,0.014206,1.655496,1,0.016127,-0.049187,0.000000,-0.700000,0.071032,-0.000144,-0.001283,-0.001283,1.545214,1.454854,-0.128333
1.355192,-1.428259,67,67,0.967945,-1.000000,0.516501,2.868702,1.545214,0.000000,0.000000,0.000000,-0.700000,0.071032,-2.523894,0.014206,1.719663,1,0.004138,-0.049432,0.000000,-0.700000,0.071032,-0.000051,0.000000,0.000000,1.545214,1.461023,0.000000
1.354493,-1.428569,72,72,0.935040,-1.000000,0.520912,3.043693,1.545214,0.000000,0.000000,0.000000,-0.700000,0.071032,-2.698355,0.014206,1.847996,1,-0.004142,-0.049601,-0.000000,-0.700000,0.071032,0.000046,0.000000,0.000000,1.545214,1.466502,0.000000
1.354463,-1.428615,70,68,0.932243,-1.000000,0.525665,3.216363,1.540080,0.000000,0.000000,0.000000,-0.700000,0.071032,-2.870612,0.014206,1.770996,1,0.032237,-0.043725,0.000000,-0.700000,0.071032,0.000014,-0.002567,-0.002567,1.540080,1.471118,-0.256666
1.353651,-1.428800,69,70,0.987600,-1.000000,0.531840,3.390787,1.532381,0.000000,0.000000,0.000000,-0.700000,0.071032,-3.044805,0.014206,1.783829,1,-0.019219,-0.037076,-0.000000,-0.700000,0.071032,0.000010,0.001283,0.001283,1.532381,1.474800,0.128333
1.353047,-1.429108,67,67,0.966588,-1.000000,0.538779,3.581235,1.536230,0.000000,0.000000,0.000000,-0.700000,0.071032,-3.235061,0.014206,1.719663,1,0.000291,-0.040527,0.000000,-0.700000,0.071032,0.000115,0.000000,0.000000,1.536230,1.478308,0.000000
1.353080,-1.429259,65,65,0.959486,-1.000000,0.544297,3.754910,1.543929,0.000000,0.000000,0.000000,-0.700000,0.071032,-3.408520,0.014206,1.668329,1,0.003298,-0.048166,0.000000,-0.700000,0.071032,0.000045,0.000000,0.000000,1.543929,1.481402,0.000000
1.352601,-1.429503,69,69,0.934249,-1.000000,0.548825,3.930026,1.545213,0.000000,0.000000,0.000000,-0.700000,0.071032,-3.583358,0.014206,1.770996,1,-0.000000,-0.049517,-0.000000,-0.700000,0.071032,-0.000059,0.000000,0.000000,1.545213,1.484506,0.000000
1.352253,-1.429722,64,64,0.947543,-1.000000,0.553524,4.102441,1.542646,0.000000,0.000000,0.000000,-0.700000,0.071032,-3.755550,0.014206,1.642663,1,0.001079,-0.046928,0.000000,-0.700000,0.071032,0.000019,0.000000,0.000000,1.542646,1.487216,0.000000
1.351946,-1.429962,67,66,0.953122,-1.000000,0.558749,4.276124,1.534947,0.000000,0.000000,0.000000,-0.700000,0.071032,-3.929075,0.014206,1.706829,1,0.012830,-0.038988,-0.000000,-0.700000,0.071032,-0.000027,-0.001283,-0.001283,1.534947,1.489581,-0.128333
1.351913,-1.430064,69,68,0.961612,-1.000000,0.565147,4.449513,1.534947,0.000000,0.000000,0.000000,-0.700000,0.071032,-4.102418,0.014206,1.758163,1,0.019392,-0.038854,0.000000,-0.700000,0.071032,-0.000030,-0.001283,-0.001283,1.534947,1.491456,-0.128333
1.351590,-1.430310,69,70,0.959113,-1.000000,0.572563,4.640713,1.531098,0.000000,0.000000,0.000000,-0.700000,0.071032,-4.293612,0.014206,1.783829,1,-0.015082,-0.035708,-0.000000,-0.700000,0.071032,0.000021,0.001283,0.001283,1.531098,1.493263,0.128333
1.350786,-1.430570,73,73,0.968550,-1.000000,0.579500,4.815365,1.531098,0.000000,0.000000,0.000000,-0.700000,0.071032,-4.468281,0.014206,1.873662,1,-0.000000,-0.035400,-0.000000,-0.700000,0.071032,-0.000002,0.000000,0.000000,1.531098,1.494743,0.000000
1.350804,-1.430671,67,67,0.964600,-1.000000,0.586111,4.987974,1.533665,0.000000,0.000000,0.000000,-0.700000,0.071032,-4.640898,0.014206,1.719663,1,-0.003857,-0.038045,-0.000000,-0.700000,0.071032,-0.000085,0.000000,0.000000,1.533665,1.496149,0.000000
1.351371,-1.430519,70,70,0.980783,-1.000000,0.592669,5.162769,1.534948,0.000000,0.000000,0.000000,-0.700000,0.071032,-4.815700,0.014206,1.796662,1,-0.001132,-0.039273,-0.000000,-0.700000,0.071032,0.000015,0.000000,0.000000,1.534948,1.497498,0.000000
1.350828,-1.430747,68,68,0.943307,-1.000000,0.598478,5.336563,1.538797,0.000000,0.000000,0.000000,-0.700000,0.071032,-4.989458,0.014206,1.745329,1,-0.001062,-0.043122,-0.000000,-0.700000,0.071032,0.0