3.105195
3.105229
3.105299
3.105340
3.105403
3.105469
3.105529
3.105571
3.105626
3.105689
3.105760
3.105799
3.105827
3.105865
3.105920
3.105977
3.106025
3.106074
3.106118
3.106167
3.106206
3.106240
3.106287
3.106350
3.106383
3.106418
3.106444
3.106499
3.106553
3.106615
3.106673
3.106723
3.106758
3.106808
3.106856
3.106891
3.106924
3.106965
3.106995
3.107027
3.107060
3.107113
3.107163
3.107208
3.107242
3.107301
3.107335
3.107352
3.107373
3.107438
3.107499
3.107543
3.107583
3.107618
3.107644
3.107672
3.107715
3.107771
3.107799
3.107827
3.107858
3.107889
3.107919
3.107944
3.107976
3.108024
3.108082
3.108119
3.108148
3.108192
3.108219
3.108269
3.108296
3.108337
3.108377
3.108434
3.108461
3.108509
3.108556
3.108600
3.108626
3.108651
3.108683
3.108705
3.108742
3.108784
3.108804
3.108830
3.108861
3.108881
3.108904
3.108909
3.108933
3.108954
3.108968
3.108995
3.109023
3.109046
3.109085
3.109116
3.109156
3.109176
3.109184
3.109200
3.109224
3.109248
3.109296
3.109343
3.109370
3.109393
3.109406
3.109440
3.109447
3.109462
3.109494
3.109507
3.109527
3.109545
3.109560
3.109586
3.109613
3.109652
3.109675
3.109705
3.109734
3.109775
3.109784
3.109802
3.109821
3.109833
3.109858
3.109893
3.109911
3.109928
3.109964
3.109977
3.110015
3.110062
3.110090
3.110089
3.110102
3.110117
3.110151
3.110162
3.110184
3.110202
3.110222
3.110244
3.110246
3.110269
3.110284
3.110279
3.110300
3.110311
3.110340
3.110340
3.110356
3.110374
3.110382
3.110393
3.110418
3.110429
3.110442
3.110445
3.110460
3.110475
3.110513
3.110507
3.110533
3.110551
3.110556
3.110585
3.110611
3.110643
3.110653
3.110666
3.110678
3.110688
3.110701
3.110705
3.110727
3.110748
3.110759
3.110770
3.110781
3.110805
3.110816
3.110836
3.110856
3.110871
3.110909
3.110906
3.110922
3.110939
3.110956
3.110984
3.111004
3.111002
3.111034
3.111057
3.111077
3.111088
3.111103
3.111119
3.111131
3.111139
3.111148
3.111146
3.111184
3.111201
3.111196
3.111185
3.111209
3.111215
3.111223
3.111221
3.111242
3.111250
3.111274
3.111284
3.111287
3.111289
3.111323
3.111342
3.111350
3.111392
3.111401
3.111417
3.111403
3.111416
3.111434
3.111434
3.111442
3.111467
3.111488
3.111508
3.111491
3.111490
3.111501
3.111509
3.111512
3.111524
3.111531
3.111563
3.111574
3.111584
3.111613
3.111627
3.111634
3.111646
3.111642
3.111660
3.111669
3.111673
3.111695
3.111714
3.111720
3.111733
3.111733
3.111750
3.111763
3.111760
3.111769
3.111782
3.111797
3.111811
3.111815
3.111820
3.111807
3.111827
3.111842
3.111844
3.111825
3.111849
3.111871
3.111881
3.111890
3.111889
3.111899
3.111920
3.111919
3.111927
3.111935
3.111944
3.111941
3.111949
3.111969
3.111963
3.111959
3.111962
3.111976
3.111991
3.111988
3.112000
3.112028
3.112040
3.112042
3.112047
3.112049
3.112027
3.112029
3.112035
3.112056
3.112065
3.112099
3.112107
3.112113
3.112122
3.112135
3.112140
3.112143
3.112158
3.112172
3.112194
3.112194
3.112181
3.112176
3.112190
3.112203
3.112196
3.112189
3.112175
3.112180
3.112197
3.112210
3.112217
3.112243
3.112263
3.112268
3.112283
3.112298
3.112307
3.112331
3.112334
3.112338
3.112353
3.112366
3.112378
3.112377
3.112375
3.112380
3.112381
3.112401
3.112405
3.112412
3.112414
3.112411
3.112425
3.112460
3.112466
3.112463
3.112461
3.112468
3.112474
3.112481
3.112504
3.112519
3.112522
3.112534
3.112540
3.112525
3.112520
3.112523
3.112521
3.112515
3.112513
3.112497
3.112506
3.112514
3.112507
3.112518
3.112507
3.112522
3.112544
3.112595
3.112879
3.113057
3.113295
3.113277
3.113278
3.113172
3.113030
3.113096
3.112868
3.112742
3.112588
3.112535
3.112656
3.113066
3.113688
3.114509
3.115286
3.116055
3.116631
3.116940
3.116923
3.116548
3.115780
3.114755
3.113630
3.112441
3.111261
3.110367
3.109924
3.109934
3.110438
3.111406
3.112663
3.113919
3.114957
3.115485
3.115420
3.114727
3.113543
3.112238
3.110900
3.109651
3.108504
3.107313
3.106088
3.104839
3.103529
3.102388
3.101726
3.101779
3.102101
3.102282
3.101979
3.101119
3.099978
3.098817
3.097842
3.096826
3.095485
3.093805
3.091837
3.089636
3.087392
3.085150
3.083226
3.082062
3.081662
3.082046
3.083410
3.085808
3.089134
3.093517
3.098835
3.104923
3.111471
3.117814
3.123827
3.129511
3.134497
3.139028
3.143120
3.146780
3.149967
3.152848
3.155497
3.157804
3.159980
3.162048
3.164005
3.165941
3.167608
3.169111
3.170638
3.172065
3.173510
3.174808
3.175924
3.176983
3.177986
3.178968
3.180139
3.181515
3.182639
3.184061
3.185606
3.187060
3.188689
3.190336
3.192617
3.195368
3.198277
3.200638
3.202562
3.204504
3.206595
3.208501
3.208886
3.208776
3.208524
3.207340
3.205956
3.204530
3.202550
3.200564
3.198472
3.196470
3.194607
3.192841
3.191042
3.189486
3.188332
3.187249
3.186302
3.185362
3.184433
3.183576
3.182904
3.182415
3.182040
3.181887
3.181931
3.182304
3.182696
3.182940
3.182514
3.181347
3.179594
3.177409
3.175271
3.173120
3.170969
3.168745
3.166425
3.164104
3.161653
3.159168
3.156871
3.154798
3.153183
3.151900
3.149355
3.141337
3.123362
3.103172
3.083916
3.067010
3.053097
3.043379
3.039081
3.039129
3.041829
3.045827
3.051405
3.059051
3.067719
3.077128
3.087179
3.097396
3.106979
3.115983
3.124620
3.131776
3.136223
3.139555
3.142353
3.144176
3.144943
3.145246
3.145635
3.145912
3.145857
3.145528
3.145006
3.144281
3.143348
3.142301
3.141189
3.140073
3.138973
3.137809
3.136590
3.135327
3.134040
3.132734
3.131421
3.130089
3.128627
3.127049
3.125485
3.123996
3.122565
3.121211
3.119944
3.118661
3.117321
3.115894
3.114399
3.112866
3.111290
3.109737
3.108259
3.106876
3.105410
3.103822
3.102116
3.100337
3.098420
3.096378
3.094340
3.092268
3.090762
3.089682
3.088039
3.085994
3.083511
3.081183
3.079965
3.079344
3.078469
3.077203
3.075833
3.074594
3.073031
3.071117
3.069080
3.067197
3.065300
3.062809
3.059933
3.056764
3.053259
3.049883
3.047076
3.045005
3.042910
3.040811
3.039257
3.038103
3.036992
3.036803
3.037838
3.039281
3.040800
3.042307
3.043927
3.045747
3.047628
3.049661
3.051140
3.052067
3.052657
3.053220
3.053710
3.053645
3.053191
3.052470
3.052065
3.051596
3.050595
3.049021
3.047107
3.045488
3.043867
3.042082
3.040153
3.038522
3.037491
3.036529
3.035494
3.034776
3.034103
3.033615
3.033958
3.034933
3.035657
3.036599
3.037588
3.038120
3.038748
3.039444
3.040056
3.040744
3.040521
3.039892
3.039825
3.039280
3.038834
3.037874
3.036651
3.035269
3.033628
3.032429
3.031583
3.030382
3.028898
3.028012
3.027885
3.027294
3.027551
3.028011
3.028223
3.028336
3.028964
3.029928
3.031729
3.033532
3.035220
3.036437
3.037663
3.038185
3.038334
3.038096
3.037650
3.036157
3.034326
3.031565
3.029326
3.026114
3.023425
3.019939
3.016521
3.012785
3.009652
3.007940
3.007499
3.008298
3.009851
3.012750
3.015665
3.018717
3.021519
3.023366
3.024907
3.026377
3.026960
3.026968
3.026399
3.024770
3.022775
3.020362
3.017655
3.015047
3.011867
3.008747
3.006260
3.003809
3.002305
3.001966
3.003071
3.004709
3.006341
3.007989
3.009070
3.010835
3.011618
3.011866
3.011971
3.012229
3.012146
3.011175
3.009661
3.006673
3.002747
2.998313
2.993993
2.990306
2.988446
2.988348
2.989153
2.990531
2.992897
2.995430
2.998332
3.000050
3.002741
3.004269
3.005071
3.004703
3.004003
3.002407
2.999630
2.996253
2.992021
2.987897
2.983715
2.980560
2.976406
2.973128
2.970537
2.967044
2.964418
2.961783
2.959138
2.956157
2.951867
2.947463
2.942698
2.936749
2.929886
2.922638
2.914585
2.904475
2.894614
2.883746
2.871551
2.857932
2.843741
2.828228
2.811080
2.793172
2.774514
2.753331
2.731135
2.706294
2.678181
2.648410
2.615142
2.578798
2.542848
2.510554
2.487422
2.471478
2.461026
2.454423
2.449328
2.443655
2.434667
2.421739
2.409310
2.398472
2.389957
2.383272
2.378847
2.374645
2.371347
2.369689
2.370723
2.373606
2.377159
2.380118
2.383680
2.391929
2.401090
2.408832
2.418989
2.430583
2.444341
2.460860
2.478163
2.496616
2.515325
2.536878
2.560381
2.584528
2.609987
2.635141
2.661282
2.689187
2.719665
2.754233
2.790799
2.827658
2.865151
2.903794
2.945122
2.987102
3.028582
3.069876
3.109909
3.147844
3.183714
3.213230
3.235728
3.254280
3.267191
3.276626
3.283587
3.282661
3.272914
3.253566
3.223228
3.195921
3.170135
3.145359
3.122493
3.101158
3.081029
3.062691
3.045697
3.028680
3.014403
3.008181
3.007450
3.010697
3.016575
3.025977
3.036614
3.047632
3.060156
3.074297
3.089447
3.105114
3.122016
3.139957
3.157677
3.171092
3.181355
3.189282
3.193209
3.194739
3.196681
3.197656
3.197320
3.195555
3.192006
3.186300
3.179291
3.172276
3.165697
3.159486
3.153355
3.147173
3.141188
3.135190
3.129259
3.121456
3.106752
3.092922
3.078536
3.065854
3.055333
3.051148
3.048548
3.047813
3.050175
3.053792
3.058784
3.064504
3.070012
3.075353
3.080902
3.085872
3.090325
3.094691
3.099103
3.103981
3.109060
3.113929
3.118621
3.122977
3.125750
3.125951
3.125072
3.124426
3.123960
3.123734
3.123321
3.122958
3.122637
3.122430
3.122144
3.121902
3.121522
3.120957
3.120218
3.118776
3.116058
3.113120
3.110577
3.108307
3.106240
3.104196
3.102210
3.100323
3.098702
3.097480
3.096673
3.096601
3.096207
3.095351
3.094399
3.093311
3.091955
3.090066
3.087887
3.085535
3.083070
3.080583
3.077937
3.075028
3.071924
3.068787
3.065766
3.062693
3.059271
3.055814
3.052440
3.048885
3.044968
3.040699
3.036232
3.032339
3.030245
3.030000
3.030569
3.032091
3.034597
3.037666
3.041285
3.044848
3.047854
3.050336
3.052705
3.054309
3.055287
3.055408
3.055573
3.055236
3.055046
3.054512
3.054532
3.054670
3.054691
3.054517
3.054594
3.055317
3.056621
3.057829
3.058542
3.058958
3.059834
3.060628
3.061125
3.060809
3.059839
3.058954
3.058275
3.057722
3.057077
3.056405
3.055427
3.054508
3.054020
3.053742
3.053438
3.053244
3.053227
3.053290
3.053352
3.053706
3.054120
3.054550
3.055232
3.056124
3.056953
3.057839
3.059184
3.061213
3.062953
3.064360
3.065733
3.067018
3.068120
3.069177
3.070185
3.071239
3.072386
3.073500
3.074538
3.075681
3.076812
3.077598
3.078126
3.078578
3.078883
3.078945
3.078711
3.078293
3.077863
3.077112
3.076056
3.075098
3.073961
3.072416
3.071078
3.069539
3.067152
3.064275
3.061103
3.058030
3.054857
3.051698
3.048369
3.045066
3.042170
3.039681
3.037324
3.035237
3.033654
3.033044
3.033502
3.034889
3.036729
3.038649
3.040595
3.042318
3.044065
3.045868
3.047266
3.048322
3.049103
3.049667
3.050088
3.049998
3.049542
3.048880
3.048324
3.047681
3.046324
3.044745
3.043210
3.041611
3.040117
3.038469
3.036511
3.034817
3.033660
3.033055
3.032599
3.032182
3.032210
3.032701
3.033591
3.034895
3.036490
3.037840
3.038729
3.039482
3.040077
3.040403
3.040818
3.040790
3.040624
3.040597
3.040139
3.039445
3.038835
3.038149
3.036648
3.034745
3.033343
3.032278
3.030849
3.029892
3.029118
3.028491
3.028872
3.029480
3.030145
3.030154
3.029327
3.028360
3.028929
3.030496
3.032362
3.033677
3.034473
3.034398
3.034342
3.034153
3.033634
3.031975
3.029918
3.026727
3.023896
3.020718
3.018578
3.016658
3.015459
3.015491
3.016502
3.017410
3.018759
3.020086
3.021311
3.022551
3.023508
3.024357
3.024465
3.024964
3.025411
3.025242
3.024460
3.023319
3.021301
3.019281
3.017881
3.016709
3.015072
3.013614
3.012318
3.011078
3.010526
3.010073
3.010135
3.010260
3.009793
3.009877
3.010114
3.010966
3.012222
3.012679
3.012192
3.010393
3.008353
3.006567
3.005982
3.006732
3.008005
3.008775
3.008736
3.007754
3.006164
3.004158
3.002964
3.003291
3.003461
3.003112
3.001600
3.000611
2.999437
2.997962
2.996131
2.995877
2.995131
2.995431
2.995696
2.995403
2.995289
2.995408
2.995370
2.994987
2.995147
2.995871
2.994541
2.993708
2.992414
2.990177
2.988203
2.985034
2.982307
2.979663
2.976884
2.974022
2.972352
2.969654
2.965817
2.962054
2.958003
2.953683
2.947848
2.942056
2.935408
2.928358
2.919234
2.911453
2.903845
2.894985
2.884085
2.872563
2.860157
2.846060
2.830863
2.814565
2.796065
2.776229
2.754574
2.731338
2.706412
2.679884
2.650882
2.618681
2.583845
2.546572
2.513059
2.475737
2.435685
2.395623
2.351793
2.300810
2.247742
2.191695
2.131660
2.068716
2.003843
1.936673
1.869458
1.806758
1.762121
1.716504
1.677309
1.650352
1.627841
1.611997
1.597166
1.583563
1.569750
1.556070
1.541773
1.523085
1.504359
1.483524
1.464694
1.447164
1.431638
1.418321
1.408151
1.400556
1.396493
1.395149
1.396536
1.400390
1.405934
1.413857
1.423181
1.434069
1.446672
1.460532
1.475471
1.490938
1.506434
1.522377
1.538743
1.555845
