0.010515, -0.000000, 0.000000, 0.024615, 0.013187, 95.102989
0.017914, -0.000000, 0.000000, 0.024615, 0.013187, 135.145798
0.027332, -0.000000, 0.000000, 0.024615, 0.013187, 106.177773
0.036759, -0.000000, 0.000000, 0.023736, 0.012308, 106.089066
0.046342, -0.000000, 0.000000, 0.023736, 0.013187, 104.347832
0.055769, -0.000000, 0.000000, 0.023736, 0.013187, 106.081100
0.065204, -0.000000, 0.000000, 0.024615, 0.013187, 105.987411
0.074496, -0.000000, 0.000000, 0.023736, 0.013187, 107.618484
0.083920, -0.000000, 0.000000, 0.026374, 0.013187, 106.112526
0.093343, -0.000000, 0.000000, 0.026374, 0.013187, 106.124725
0.102615, -0.000000, 0.000000, 0.025495, 0.013187, 107.848686
0.112029, -0.000000, 0.000000, 0.025495, 0.012308, 106.219604
0.121455, -0.000000, 0.000000, 0.023736, 0.013187, 106.091881
0.130891, -0.000000, 0.000000, 0.025495, 0.013187, 105.973831
0.140316, -0.000000, 0.000000, 0.023736, 0.013187, 106.102676
0.149724, -0.000000, 0.000000, 0.026374, 0.013187, 106.299103
0.159148, -0.000000, 0.000000, 0.024615, 0.013187, 106.102676
0.168579, -0.000000, 0.000000, 0.025495, 0.012308, 106.042198
0.178006, -0.000000, 0.000000, 0.025495, 0.013187, 106.077339
0.187425, -0.000000, 0.000000, 0.024615, 0.014066, 106.166512
0.196841, -0.000000, 0.000000, 0.024615, 0.012308, 106.196571
0.206364, -0.000000, 0.000000, 0.024615, 0.013187, 105.013062
0.215784, -0.000000, 0.000000, 0.024615, 0.012308, 106.162750
0.225203, -0.000000, 0.000000, 0.024615, 0.013187, 106.166031
0.234502, -0.000000, 0.000000, 0.024615, 0.012308, 107.536041
0.243926, -0.000000, 0.000000, 0.025495, 0.013187, 106.109238
0.253345, -0.000000, 0.000000, 0.024615, 0.013187, 106.168381
0.262624, -0.000000, 0.000000, 0.025495, 0.012308, 107.768295
0.272047, -0.000000, 0.000000, 0.026374, 0.013187, 106.128944
0.281468, -0.000000, 0.000000, 0.025495, 0.012308, 106.143501
0.290747, -0.000000, 0.000000, 0.024615, 0.013187, 107.777496
0.300174, -0.000000, 0.000000, 0.024615, 0.013187, 106.069374
0.309597, -0.000000, 0.000000, 0.026374, 0.012308, 106.121910
0.319023, -0.000000, 0.000000, 0.024615, 0.013187, 106.099861
0.328453, -0.000000, 0.000000, 0.024615, 0.013187, 106.033768
0.337882, -0.000000, 0.000000, 0.025495, 0.012308, 106.063751
0.347296, -0.000000, 0.000000, 0.025495, 0.013187, 106.225708
0.356719, -0.000000, 0.000000, 0.025495, 0.013187, 106.118629
0.366291, -0.000000, 0.000000, 0.024615, 0.012308, 104.467728
0.375711, -0.000000, 0.000000, 0.025495, 0.012308, 106.159927
0.385128, -0.000000, 0.000000, 0.023736, 0.013187, 106.189995
0.394469, -0.000000, 0.000000, 0.025495, 0.013187, 107.062080
0.403890, -0.000000, 0.000000, 0.024615, 0.013187, 106.146782
0.413310, -0.000000, 0.000000, 0.024615, 0.012308, 106.153831
0.422588, -0.000000, 0.000000, 0.024615, 0.013187, 107.785721
0.432013, -0.000000, 0.000000, 0.025495, 0.013187, 106.093285
0.441442, -0.000000, 0.000000, 0.024615, 0.012308, 106.056732
0.450705, -0.000000, 0.000000, 0.024615, 0.013187, 107.962212
0.460163, -0.000000, 0.000000, 0.025495, 0.013187, 105.723145
0.469585, -0.000000, 0.000000, 0.024615, 0.013187, 106.135986
0.478857, -0.000000, 0.000000, 0.025495, 0.013187, 107.854507
0.488274, -0.000000, 0.000000, 0.026374, 0.013187, 106.189049
0.496268, -0.000000, 0.000000, 0.024615, 0.013187, 125.097733
0.505691, -0.000000, 0.000000, 0.026374, 0.012308, 106.124725
0.515117, -0.000000, 0.000000, 0.025495, 0.013187, 106.090012
0.524545, -0.000000, 0.000000, 0.024615, 0.012308, 106.057663
0.533969, -0.000000, 0.000000, 0.024615, 0.013187, 106.113922
0.543396, -0.000000, 0.000000, 0.024615, 0.012308, 106.078758
0.552815, -0.000000, 0.000000, 0.024615, 0.013187, 106.171677
0.562509, -0.000000, 0.000000, 0.024615, 0.012308, 103.154366
0.571933, -0.000000, 0.000000, 0.024615, 0.012308, 106.113937
0.581353, -0.000000, 0.000000, 0.023736, 0.013187, 106.161339
0.590634, -0.000000, 0.000000, 0.023736, 0.013187, 107.742172
0.600048, -0.000000, 0.000000, 0.024615, 0.014066, 106.221016
0.609461, -0.000000, 0.000000, 0.024615, 0.012308, 106.235123
0.618728, -0.000000, 0.000000, 0.025495, 0.013187, 107.914154
0.628150, -0.000000, 0.000000, 0.025495, 0.013187, 106.133629
0.635163, -0.000000, 0.000000, 0.024615, 0.013187, 142.598267
0.644572, -0.000000, 0.000000, 0.024615, 0.013187, 106.274162
0.654000, -0.000000, 0.000000, 0.025495, 0.013187, 106.077812
0.663421, -0.000000, 0.000000, 0.025495, 0.012308, 106.139275
0.672845, -0.000000, 0.000000, 0.025495, 0.013187, 106.113464
0.682385, -0.000000, 0.000000, 0.024615, 0.013187, 104.819054
0.691797, -0.000000, 0.000000, 0.025495, 0.012308, 106.253929
0.701219, -0.000000, 0.000000, 0.027253, 0.012308, 106.127541
0.710496, -0.000000, 0.000000, 0.025495, 0.012308, 107.792015
0.719920, -0.000000, 0.000000, 0.024615, 0.012308, 106.116280
0.729349, -0.000000, 0.000000, 0.023736, 0.013187, 106.059067
0.738659, -0.000000, 0.000000, 0.025495, 0.013187, 107.411385
0.748080, -0.000000, 0.000000, 0.024615, 0.012308, 106.138802
0.757500, -0.000000, 0.000000, 0.024615, 0.012308, 106.156639
0.766754, -0.000000, 0.000000, 0.025495, 0.013187, 108.067215
0.776194, -0.000000, 0.000000, 0.024615, 0.012308, 105.931274
0.785624, -0.000000, 0.000000, 0.024615, 0.013187, 106.039391
0.795053, -0.000000, 0.000000, 0.024615, 0.013187, 106.060463
0.804476, -0.000000, 0.000000, 0.025495, 0.012308, 106.125671
0.813898, -0.000000, 0.000000, 0.024615, 0.012308, 106.133171
0.823318, -0.000000, 0.000000, 0.024615, 0.012308, 106.158981
0.832596, -0.000000, 0.000000, 0.024615, 0.013187, 107.782822
0.842040, -0.000000, 0.000000, 0.024615, 0.012308, 105.884529
0.851607, -0.000000, 0.000000, 0.024615, 0.014066, 104.528709
0.861031, -0.000000, 0.000000, 0.025495, 0.012308, 106.103607
0.870465, -0.000000, 0.000000, 0.024615, 0.013187, 106.008461
0.879884, -0.000000, 0.000000, 0.026374, 0.012308, 106.158524
0.889398, -0.000000, 0.000000, 0.025495, 0.012308, 105.116547
0.898681, -0.000000, 0.000000, 0.025495, 0.012308, 107.721870
0.908094, -0.000000, 0.000000, 0.024615, 0.012308, 106.239815
0.917515, -0.000000, 0.000000, 0.025495, 0.012308, 106.141617
0.926796, -0.000000, 0.000000, 0.023736, 0.013187, 107.747971
0.936220, -0.000000, 0.000000, 0.026374, 0.013187, 106.112053
0.945649, -0.000000, 0.000000, 0.023736, 0.012308, 106.057663
0.955072, -0.000000, 0.000000, 0.024615, 0.012308, 106.120499
0.964495, -0.000000, 0.000000, 0.025495, 0.012308, 106.117683
0.973917, -0.000000, 0.000000, 0.023736, 0.012308, 106.140213
0.983338, -0.000000, 0.000000, 0.024615, 0.012308, 106.143959
0.992760, -0.000000, 0.000000, 0.024615, 0.013187, 106.131760
1.002325, -0.000000, 0.641665, 0.994286, 0.992527, 104.546013
1.011765, 4.491656, 4.491656, 1.045275, 1.072528, 105.937340
1.021222, 9.624977, 10.266643, 0.807912, 0.815824, 105.745041
1.030499, 14.116633, 14.758299, 0.687473, 0.630330, 107.796852
1.039909, 17.324959, 18.608290, 0.560879, 0.538901, 106.268517
1.049310, 20.533285, 21.174950, 0.466813, 0.429011, 106.364128
1.058587, 21.816616, 23.099945, 0.436923, 0.406154, 107.799278
1.067812, 23.741611, 24.383276, 0.361319, 0.322637, 108.396675
1.077229, 26.308271, 26.949938, 0.331429, 0.293626, 106.196098
1.086498, 26.308271, 27.591602, 0.303297, 0.237363, 107.889900
1.095897, 28.233267, 29.516598, 0.261099, 0.225055, 106.387222
1.105296, 28.874933, 30.158262, 0.229451, 0.202198, 106.391930
1.114559, 29.516598, 29.516598, 0.223297, 0.196044, 107.961243
1.123952, 30.799929, 30.799929, 0.200440, 0.170549, 106.458488
1.133489, 31.441593, 32.083260, 0.188132, 0.156484, 104.856598
1.142773, 31.441593, 32.083260, 0.188132, 0.144176, 107.714134
1.152166, 32.083260, 32.724922, 0.197802, 0.145934, 106.463203
1.161564, 32.724922, 33.366589, 0.161758, 0.121319, 106.405151
1.170787, 32.724922, 32.724922, 0.163516, 0.129231, 108.422134
1.180195, 33.366589, 33.366589, 0.145934, 0.123956, 106.291107
1.189569, 33.366589, 33.366589, 0.140659, 0.128352, 106.683266
1.198829, 33.366589, 33.366589, 0.126593, 0.110769, 107.991364
1.208215, 34.008255, 33.366589, 0.145055, 0.118681, 106.536446
1.217604, 34.008255, 34.008255, 0.136264, 0.102857, 106.511871
1.226859, 33.366589, 33.366589, 0.124835, 0.115165, 108.046783
1.236252, 34.008255, 34.008255, 0.138022, 0.116923, 106.466507
1.243364, 25.024942, 24.383276, 0.126593, 0.121319, 140.600845
1.252748, 34.649918, 34.008255, 0.138022, 0.102857, 106.564362
1.262133, 34.649918, 34.008255, 0.125714, 0.110769, 106.551117
1.270330, 29.516598, 28.874933, 0.121319, 0.116923, 121.995850
1.279717, 34.649918, 34.649918, 0.163516, 0.104615, 106.528893
1.289103, 34.649918, 34.008255, 0.134505, 0.096703, 106.546867
1.298636, 34.649918, 34.649918, 0.126593, 0.094945, 104.892807
1.308014, 34.008255, 34.008255, 0.131868, 0.106374, 106.631599
1.317391, 34.008255, 34.008255, 0.116923, 0.097582, 106.651970
1.326642, 34.008255, 33.366589, 0.114286, 0.089670, 108.087662
1.336027, 34.649918, 34.649918, 0.130989, 0.115165, 106.556793
1.345423, 34.649918, 34.008255, 0.123077, 0.099341, 106.434410
1.354664, 34.649918, 33.366589, 0.115165, 0.098462, 108.211441
1.364049, 35.291584, 34.008255, 0.099341, 0.120440, 106.547813
1.373438, 34.649918, 34.008255, 0.110769, 0.099341, 106.515167
1.382681, 34.008255, 33.366589, 0.125714, 0.095824, 108.188042
1.392063, 34.649918, 34.008255, 0.094945, 0.112527, 106.579506
1.401450, 34.649918, 34.008255, 0.122198, 0.113407, 106.533623
1.410685, 34.649918, 34.008255, 0.109011, 0.094945, 108.281746
1.420064, 35.291584, 34.649918, 0.120440, 0.090549, 106.623543
1.429439, 34.649918, 34.649918, 0.125714, 0.106374, 106.669991
1.438692, 34.008255, 34.008255, 0.119560, 0.096703, 108.071106
1.448082, 34.649918, 34.649918, 0.124835, 0.103736, 106.493439
1.457468, 34.649918, 34.008255, 0.112527, 0.103736, 106.546394
1.466716, 34.008255, 33.366589, 0.104615, 0.115165, 108.124672
1.476112, 34.649918, 34.649918, 0.127473, 0.101978, 106.435814
1.485507, 34.649918, 34.649918, 0.120440, 0.103736, 106.432991
1.494749, 34.008255, 34.008255, 0.116044, 0.096703, 108.203148
1.504136, 35.291584, 34.649918, 0.113407, 0.094945, 106.532669
1.513521, 34.649918, 34.649918, 0.110769, 0.097582, 106.553963
1.522739, 34.008255, 34.008255, 0.123956, 0.108132, 108.482414
1.532127, 34.649918, 34.008255, 0.120440, 0.089670, 106.518959
1.541513, 35.291584, 34.008255, 0.122198, 0.105495, 106.534561
1.550772, 34.649918, 33.366589, 0.112527, 0.106374, 108.011772
1.560158, 35.291584, 34.008255, 0.109011, 0.087912, 106.534561
1.569367, 34.008255, 34.008255, 0.123077, 0.102857, 108.593849
1.578633, 34.649918, 34.008255, 0.103736, 0.107253, 107.922409
1.588027, 35.291584, 34.649918, 0.132747, 0.077363, 106.456116
1.597412, 35.291584, 34.649918, 0.109011, 0.096703, 106.545914
1.606659, 34.649918, 34.008255, 0.111648, 0.107253, 108.140747
1.616047, 34.649918, 34.649918, 0.126593, 0.096703, 106.527939
1.625433, 34.649918, 34.008255, 0.109011, 0.109890, 106.532677
1.634686, 34.649918, 33.366589, 0.113407, 0.105495, 108.074028
1.644076, 35.291584, 34.008255, 0.133626, 0.098462, 106.496750
1.653450, 34.649918, 34.008255, 0.113407, 0.092308, 106.686104
1.662686, 34.008255, 34.008255, 0.117802, 0.115165, 108.269539
1.672083, 34.649918, 34.649918, 0.127473, 0.102857, 106.407974
1.681473, 35.291584, 34.649918, 0.127473, 0.102857, 106.495796
1.690711, 34.649918, 34.008255, 0.111648, 0.096703, 108.250984
1.700113, 35.291584, 34.649918, 0.109011, 0.108132, 106.367416
1.709497, 35.291584, 34.008255, 0.126593, 0.109890, 106.563889
1.718750, 34.649918, 34.008255, 0.116044, 0.084396, 108.065758
1.728132, 35.291584, 34.649918, 0.123077, 0.108132, 106.594185
1.737519, 34.649918, 34.649918, 0.116923, 0.108132, 106.521797
1.746769, 34.008255, 34.008255, 0.109011, 0.094066, 108.117363
1.756155, 34.649918, 34.008255, 0.114286, 0.107253, 106.536926
1.765535, 34.649918, 34.008255, 0.107253, 0.115165, 106.608391
1.774789, 34.649918, 33.366589, 0.113407, 0.090549, 108.060410
1.784181, 35.291584, 34.008255, 0.116044, 0.088791, 106.476425
1.793687, 35.291584, 34.649918, 0.129231, 0.090549, 105.195335
1.803085, 34.649918, 34.008255, 0.109011, 0.109011, 106.408447
1.812466, 34.649918, 34.008255, 0.113407, 0.109011, 106.595123
1.821853, 34.649918, 34.649918, 0.151209, 0.094066, 106.531250
1.831239, 34.649918, 34.008255, 0.118681, 0.105495, 106.545448
1.840614, 35.291584, 34.008255, 0.125714, 0.109011, 106.660980
1.847755, 25.666607, 25.024942, 0.114286, 0.106374, 140.030685
1.857134, 34.649918, 34.008255, 0.125714, 0.120440, 106.625435
1.866464, 34.649918, 34.008255, 0.110769, 0.087033, 107.177307
1.875857, 35.291584, 34.008255, 0.109011, 0.113407, 106.473595
1.885242, 35.291584, 34.008255, 0.109890, 0.102857, 106.547333
1.894497, 34.649918, 34.008255, 0.109890, 0.094945, 108.044838
1.903865, 34.649918, 34.649918, 0.142418, 0.092308, 106.749695
1.913245, 34.649918, 34.008255, 0.121319, 0.104615, 106.615959
1.922498, 34.008255, 34.008255, 0.124835, 0.104615, 108.065758
1.931888, 35.291584, 34.649918, 0.113407, 0.094066, 106.493439
1.941278, 34.649918, 34.649918, 0.107253, 0.094066, 106.505257
1.950528, 34.008255, 34.008255, 0.122198, 0.103736, 108.103729
1.959923, 34.649918, 34.649918, 0.109890, 0.101978, 106.441490
1.969318, 35.291584, 34.649918, 0.110769, 0.083516, 106.438644
1.978562, 34.008255, 34.008255, 0.122198, 0.088791, 108.173409
1.987951, 34.649918, 34.649918, 0.108132, 0.105495, 106.513756
1.997334, 34.649918, 34.649918, 0.178462, 0.097582, 106.579514
2.006567, 34.649918, 34.008255, 0.104615, 0.091429, 108.301292
2.015938, 34.649918, 34.008255, 0.110769, 0.099341, 106.720741
2.025317, 34.649918, 34.008255, 0.114286, 0.101978, 106.619751
2.034565, 34.008255, 33.366589, 0.111648, 0.092308, 108.129532
2.043949, 34.649918, 34.008255, 0.114286, 0.094945, 106.562943
2.053334, 35.291584, 34.008255, 0.116923, 0.101099, 106.552536
2.062581, 34.649918, 33.366589, 0.120440, 0.098462, 108.143669
2.071962, 35.291584, 34.008255, 0.113407, 0.090549, 106.603645
2.081354, 34.649918, 34.649918, 0.144176, 0.102857, 106.469345
2.090590, 34.649918, 34.008255, 0.107253, 0.102857, 108.277840
2.099980, 34.649918, 34.649918, 0.116044, 0.087912, 106.492493
2.109358, 34.649918, 34.649918, 0.111648, 0.087912, 106.633965
2.118572, 34.008255, 33.366589, 0.110769, 0.101978, 108.535408
2.128000, 35.291584, 34.649918, 0.110769, 0.114286, 106.059059
2.137381, 35.291584, 34.649918, 0.109011, 0.096703, 106.604607
2.146625, 34.008255, 34.008255, 0.116044, 0.102857, 108.175842
2.156009, 34.649918, 34.649918, 0.116044, 0.123077, 106.566254
2.165390, 34.649918, 34.649918, 0.125714, 0.101099, 106.598923
2.174636, 34.008255, 34.008255, 0.120440, 0.088791, 108.152924
2.184028, 35.291584, 34.649918, 0.111648, 0.096703, 106.473595
2.193401, 35.291584, 34.008255, 0.105495, 0.101978, 106.687057
2.202648, 34.649918, 34.008255, 0.121319, 0.087912, 108.145615
2.212030, 34.649918, 34.649918, 0.100220, 0.097582, 106.582359
2.221413, 34.649918, 34.649918, 0.123956, 0.107253, 106.581871
2.230655, 34.008255, 34.008255, 0.117802, 0.098462, 108.196327
2.240049, 34.649918, 34.649918, 0.114286, 0.093187, 106.457535
2.249436, 34.649918, 34.649918, 0.121319, 0.100220, 106.534096
2.258664, 34.649918, 34.008255, 0.121319, 0.101978, 108.361923
2.268047, 34.649918, 34.649918, 0.123956, 0.093187, 106.575722
2.277418, 34.649918, 34.649918, 0.111648, 0.087033, 106.710304
2.286642, 34.008255, 34.008255, 0.109890, 0.088791, 108.409401
2.296029, 34.649918, 34.649918, 0.114286, 0.106374, 106.539299
2.305412, 34.649918, 34.008255, 0.113407, 0.087912, 106.571930
2.314651, 34.008255, 34.008255, 0.135385, 0.095824, 108.235359
2.324042, 34.649918, 34.649918, 0.118681, 0.101099, 106.484932
2.333416, 34.649918, 34.649918, 0.110769, 0.095824, 106.676155
2.342661, 34.008255, 34.008255, 0.127473, 0.090549, 108.175835
2.352048, 34.649918, 34.649918, 0.114286, 0.098462, 106.529846
2.361430, 34.649918, 34.008255, 0.129231, 0.101099, 106.585182
2.370667, 34.008255, 33.366589, 0.107253, 0.093187, 108.261726
2.380053, 34.649918, 34.008255, 0.105495, 0.095824, 106.543556
2.389438, 34.649918, 34.649918, 0.116923, 0.105495, 106.546860
2.398680, 34.649918, 34.008255, 0.123077, 0.101978, 108.199249
2.408069, 34.649918, 34.649918, 0.111648, 0.086154, 106.514229
2.417439, 34.649918, 34.649918, 0.103736, 0.097582, 106.721687
2.426684, 34.649918, 34.008255, 0.093187, 0.104615, 108.165604
2.436070, 35.291584, 34.008255, 0.114286, 0.084396, 106.538818
2.445463, 34.649918, 34.008255, 0.118681, 0.092308, 106.468864
2.452629, 25.666607, 25.666607, 0.112527, 0.086154, 139.542999
2.462011, 34.649918, 34.649918, 0.109890, 0.094945, 106.589920
2.471391, 34.649918, 34.649918, 0.126593, 0.104615, 106.611710
2.480775, 34.649918, 34.649918, 0.101978, 0.101978, 106.555847
2.490302, 35.291584, 35.291584, 0.127473, 0.098462, 104.971725
2.498537, 29.516598, 29.516598, 0.123077, 0.091429, 121.431068
2.507912, 34.649918, 34.008255, 0.114286, 0.087033, 106.661919
2.517283, 35.291584, 34.008255, 0.110769, 0.100220, 106.715523
2.526544, 34.649918, 34.008255, 0.115165, 0.108132, 107.979698
2.535929, 35.291584, 34.649918, 0.115165, 0.086154, 106.549698
2.545314, 35.291584, 34.649918, 0.126593, 0.094066, 106.558685
2.555405, 37.858246, 37.216579, 0.107253, 0.091429, 99.098206
2.564783, 35.291584, 34.008255, 0.117802, 0.101978, 106.636810
2.574320, 35.933250, 34.649918, 0.106374, 0.096703, 104.849281
2.583717, 35.291584, 34.008255, 0.130110, 0.116923, 106.420250
2.593108, 34.649918, 34.008255, 0.124835, 0.103736, 106.483040
2.602596, 35.291584, 34.649918, 0.130110, 0.095824, 105.400459
2.611982, 34.649918, 34.649918, 0.116923, 0.092308, 106.542137
2.621357, 34.649918, 34.649918, 0.109011, 0.105495, 106.660500
2.630586, 34.649918, 33.366589, 0.122198, 0.101978, 108.350685
2.639977, 35.291584, 34.008255, 0.110769, 0.091429, 106.494377
2.649369, 34.649918, 34.649918, 0.142418, 0.092308, 106.461319
2.658607, 34.008255, 34.008255, 0.115165, 0.099341, 108.252930
2.667991, 34.649918, 34.649918, 0.109890, 0.100220, 106.561989
2.677376, 35.291584, 34.649918, 0.112527, 0.083516, 106.559639
2.686610, 34.649918, 33.366589, 0.116044, 0.099341, 108.296402
2.695988, 35.291584, 34.008255, 0.126593, 0.106374, 106.629227
2.705380, 35.291584, 34.649918, 0.117802, 0.094945, 106.474548
2.714646, 34.649918, 34.008255, 0.112527, 0.090549, 107.914154
2.724019, 35.291584, 34.008255, 0.110769, 0.099341, 106.697968
2.733387, 34.649918, 34.008255, 0.112527, 0.095824, 106.743042
2.742635, 34.649918, 34.008255, 0.145055, 0.088791, 108.130997
2.752022, 35.291584, 34.008255, 0.116923, 0.089670, 106.525589
2.761408, 35.291584, 34.649918, 0.151209, 0.103736, 106.548279
2.770647, 34.649918, 34.008255, 0.092308, 0.104615, 108.229996
2.780026, 35.291584, 34.649918, 0.107253, 0.087033, 106.625908
2.789411, 35.291584, 34.649918, 0.112527, 0.096703, 106.552544
2.798654, 34.649918, 33.366589, 0.117802, 0.106374, 108.194855
2.808036, 34.649918, 34.649918, 0.136264, 0.092308, 106.588036
2.817412, 34.649918, 34.649918, 0.130989, 0.086154, 106.653870
2.826647, 34.008255, 34.008255, 0.112527, 0.096703, 108.284676
2.836025, 34.649918, 34.649918, 0.123077, 0.100220, 106.633018
2.845416, 35.291584, 34.008255, 0.113407, 0.094066, 106.482559
2.854665, 34.649918, 34.008255, 0.104615, 0.094945, 108.117859
2.864048, 34.649918, 34.649918, 0.115165, 0.100220, 106.579506
2.873576, 35.933250, 34.649918, 0.120440, 0.105495, 104.949226
2.882838, 34.649918, 34.008255, 0.119560, 0.091429, 107.967560
2.892223, 34.649918, 34.008255, 0.116923, 0.088791, 106.557732
2.901611, 34.649918, 34.008255, 0.130989, 0.095824, 106.514709
2.910847, 34.649918, 34.008255, 0.111648, 0.101099, 108.272964
2.920240, 34.649918, 34.649918, 0.131868, 0.089670, 106.464142
2.929621, 34.649918, 34.649918, 0.108132, 0.093187, 106.603180
2.938842, 34.008255, 34.008255, 0.097582, 0.103736, 108.442719
2.948224, 34.649918, 34.008255, 0.124835, 0.101978, 106.590385
2.957625, 34.649918, 34.008255, 0.123077, 0.087033, 106.372612
2.967005, 34.649918, 34.008255, 0.128352, 0.087033, 106.600807
2.976393, 34.649918, 34.008255, 0.115165, 0.100220, 106.529831
2.985785, 34.649918, 34.649918, 0.105495, 0.101099, 106.473129
2.995034, 34.008255, 34.008255, 0.125714, 0.092308, 108.114433
3.004416, 35.291584, 34.649918, 0.123956, 0.094066, 106.584717
3.013797, 34.649918, 34.649918, 0.125714, 0.104615, 106.599861
3.023179, 34.649918, 34.008255, 0.111648, 0.098462, 106.583298
3.032558, 35.291584, 34.649918, 0.116044, 0.086154, 106.625908
3.041935, 35.291584, 34.649918, 0.115165, 0.089670, 106.647713
3.051320, 35.291584, 34.649918, 0.171429, 0.098462, 106.555374
3.058462, 25.666607, 25.024942, 0.110769, 0.090549, 140.001282
3.067845, 34.649918, 34.008255, 0.089670, 0.100220, 106.578094
3.077236, 34.649918, 34.649918, 0.127473, 0.097582, 106.490601
3.086497, 34.649918, 34.008255, 0.117802, 0.093187, 107.979698
3.095872, 35.291584, 34.008255, 0.124835, 0.099341, 106.659081
3.105260, 35.291584, 34.008255, 0.113407, 0.107253, 106.515648
3.114665, 34.649918, 34.649918, 0.113407, 0.103736, 106.329727
3.124052, 34.649918, 34.649918, 0.129231, 0.091429, 106.534088
3.133441, 34.649918, 34.649918, 0.114286, 0.093187, 106.499107
3.142686, 34.649918, 34.008255, 0.127473, 0.108132, 108.171944
3.152078, 34.649918, 34.649918, 0.120440, 0.093187, 106.475952
3.161462, 34.649918, 34.649918, 0.111648, 0.083516, 106.557266
3.170705, 34.649918, 33.366589, 0.113407, 0.094945, 108.189491
3.180085, 35.291584, 34.649918, 0.116923, 0.106374, 106.612183
3.189467, 35.291584, 34.649918, 0.109890, 0.116923, 106.586128
3.198705, 34.649918, 34.008255, 0.117802, 0.087912, 108.250000
3.208086, 35.291584, 34.649918, 0.119560, 0.100220, 106.597977
3.217464, 35.291584, 34.008255, 0.108132, 0.103736, 106.629700
3.226691, 34.649918, 34.008255, 0.109890, 0.085275, 108.378067
3.236080, 35.291584, 34.649918, 0.122198, 0.086154, 106.508095
3.245473, 35.291584, 34.649918, 0.114286, 0.100220, 106.461319
3.254728, 34.008255, 34.008255, 0.121319, 0.100220, 108.056511
3.264117, 35.291584, 34.008255, 0.112527, 0.096703, 106.509506
3.273490, 34.649918, 34.008255, 0.118681, 0.110769, 106.686104
3.282741, 34.008255, 34.008255, 0.112527, 0.101978, 108.092041
3.292132, 34.649918, 34.649918, 0.101978, 0.095824, 106.483994
3.301512, 35.291584, 34.649918, 0.124835, 0.083516, 106.616913
3.310751, 34.649918, 33.366589, 0.118681, 0.101099, 108.226082
3.320140, 34.649918, 34.649918, 0.105495, 0.108132, 106.514229
3.329523, 34.649918, 34.649918, 0.111648, 0.095824, 106.577621
3.338747, 34.008255, 34.008255, 0.110769, 0.110769, 108.408432
3.348145, 35.291584, 34.649918, 0.123077, 0.114286, 106.401848
3.357524, 35.291584, 34.008255, 0.118681, 0.100220, 106.623062
3.366776, 34.649918, 34.008255, 0.123077, 0.090549, 108.086693
3.376160, 35.291584, 34.649918, 0.104615, 0.085275, 106.560585
3.385552, 35.291584, 34.649918, 0.107253, 0.099341, 106.479263
3.394791, 34.649918, 34.008255, 0.116923, 0.110769, 108.241219
3.404183, 34.649918, 34.649918, 0.113407, 0.091429, 106.468864
3.413567, 34.649918, 34.649918, 0.122198, 0.094066, 106.566261
3.422806, 34.008255, 34.008255, 0.132747, 0.098462, 108.234375
3.432189, 34.649918, 34.008255, 0.114286, 0.098462, 106.578560
3.441412, 34.008255, 34.008255, 0.122198, 0.076484, 108.418716
3.450673, 34.649918, 34.008255, 0.114286, 0.096703, 107.985054
3.460063, 34.649918, 34.008255, 0.116044, 0.101978, 106.492485
3.469449, 34.649918, 34.649918, 0.117802, 0.111648, 106.553009
3.478705, 34.008255, 34.008255, 0.142418, 0.089670, 108.035110
3.488095, 34.649918, 34.649918, 0.110769, 0.094945, 106.498642
3.497471, 35.291584, 34.649918, 0.114286, 0.103736, 106.651024
3.506707, 34.008255, 34.008255, 0.112527, 0.105495, 108.270996
3.516096, 34.649918, 34.008255, 0.121319, 0.087033, 106.509987
3.525460, 34.649918, 34.649918, 0.123956, 0.090549, 106.785789
3.534701, 34.649918, 34.008255, 0.111648, 0.100220, 108.214859
3.544095, 34.649918, 34.649918, 0.109011, 0.097582, 106.458008
3.553482, 34.649918, 34.649918, 0.114286, 0.088791, 106.524155
3.562703, 34.008255, 34.008255, 0.118681, 0.100220, 108.452515
3.572088, 34.649918, 34.649918, 0.108132, 0.105495, 106.555847
3.581468, 34.649918, 34.649918, 0.113407, 0.090549, 106.601761
3.590715, 34.008255, 33.366589, 0.109890, 0.093187, 108.141716
3.600108, 35.291584, 34.649918, 0.109011, 0.100220, 106.468399
3.609478, 35.291584, 34.649918, 0.104615, 0.098462, 106.722626
3.618716, 34.649918, 34.008255, 0.124835, 0.089670, 108.247566
3.628099, 34.649918, 34.649918, 0.116923, 0.081758, 106.572403
3.637479, 34.649918, 34.008255, 0.127473, 0.102857, 106.614548
3.646729, 34.649918, 34.008255, 0.110769, 0.100220, 108.101776
3.656127, 35.291584, 34.649918, 0.111648, 0.085275, 106.410812
3.663282, 25.666607, 25.024942, 0.110769, 0.095824, 139.754257
3.672657, 34.649918, 34.649918, 0.107253, 0.086154, 106.670937
3.682027, 35.291584, 34.649918, 0.129231, 0.094945, 106.720741
3.691424, 35.291584, 34.649918, 0.116044, 0.103736, 106.422607
3.700806, 35.291584, 34.008255, 0.125714, 0.096703, 106.586601
3.710334, 35.291584, 34.649918, 0.119560, 0.098462, 104.954285
3.719707, 34.649918, 34.649918, 0.123956, 0.088791, 106.687523
3.729075, 34.649918, 34.649918, 0.111648, 0.109011, 106.747795
3.738461, 34.649918, 34.649918, 0.106374, 0.104615, 106.545914
3.747844, 34.649918, 34.649918, 0.103736, 0.092308, 106.567680
3.757230, 35.291584, 34.649918, 0.109890, 0.087033, 106.543556
3.766501, 34.649918, 34.008255, 0.109890, 0.093187, 107.858864
3.775888, 34.649918, 34.649918, 0.125714, 0.105495, 106.532669
3.785270, 34.649918, 34.649918, 0.129231, 0.104615, 106.588028
3.794551, 34.649918, 34.008255, 0.116923, 0.090549, 107.750397
3.803961, 35.291584, 34.649918, 0.110769, 0.100220, 106.271812
3.813334, 35.291584, 34.649918, 0.118681, 0.105495, 106.686584
3.822580, 34.649918, 34.008255, 0.116044, 0.086154, 108.157310
3.831965, 35.291584, 34.008255, 0.122198, 0.087033, 106.553955
3.841339, 35.291584, 34.008255, 0.115165, 0.093187, 106.676620
3.850593, 34.649918, 34.008255, 0.095824, 0.116044, 108.062363
3.859981, 35.291584, 34.649918, 0.116044, 0.094945, 106.514229
3.869363, 34.649918, 34.008255, 0.109890, 0.087912, 106.595123
3.878618, 34.008255, 34.008255, 0.126593, 0.101978, 108.050194
3.888005, 34.649918, 34.649918, 0.118681, 0.097582, 106.524155
3.897393, 34.649918, 34.008255, 0.115165, 0.091429, 106.525108
3.906641, 34.649918, 34.008255, 0.111648, 0.099341, 108.127594
3.916011, 34.649918, 34.649918, 0.120440, 0.111648, 106.717888
3.925398, 35.291584, 34.649918, 0.120440, 0.100220, 106.529358
3.934639, 34.649918, 33.366589, 0.117802, 0.093187, 108.222672
3.944026, 34.649918, 34.008255, 0.118681, 0.095824, 106.523216
3.953558, 35.291584, 35.291584, 0.114286, 0.099341, 104.910690
3.962831, 34.649918, 34.008255, 0.100220, 0.105495, 107.847237
3.972210, 35.291584, 34.008255, 0.113407, 0.090549, 106.612183
3.981599, 34.649918, 34.008255, 0.116044, 0.088791, 106.510452
3.990910, 34.008255, 34.008255, 0.116044, 0.113407, 107.407059
4.000296, 34.649918, 34.008255, 0.122198, 0.101099, 106.535027
4.009675, 34.649918, 34.649918, 0.130989, 0.117802, 106.627815
4.019049, 35.291584, 34.649918, 0.110769, 0.087033, 106.670937
4.028429, 34.649918, 34.649918, 0.104615, 0.103736, 106.609329
4.037807, 34.649918, 34.008255, 0.104615, 0.104615, 106.635864
4.047191, 34.649918, 34.649918, 0.113407, 0.097582, 106.564362
4.056570, 34.649918, 34.649918, 0.108132, 0.089670, 106.618332
4.065950, 35.291584, 34.649918, 0.116044, 0.083516, 106.604591
4.075333, 35.291584, 34.649918, 0.120440, 0.102857, 106.582359
4.084726, 35.291584, 34.008255, 0.112527, 0.108132, 106.455643
4.094115, 35.291584, 34.649918, 0.109011, 0.094066, 106.509987
4.102138, 30.158262, 29.516598, 0.110769, 0.093187, 124.645538
4.110319, 30.158262, 29.516598, 0.105495, 0.089670, 122.240051
4.119815, 35.291584, 34.649918, 0.113407, 0.097582, 105.299637
4.129242, 34.649918, 34.649918, 0.116923, 0.102857, 106.075943
4.138498, 34.008255, 34.008255, 0.127473, 0.087912, 108.037537
4.147894, 34.649918, 34.649918, 0.122198, 0.086154, 106.431099
4.157271, 34.649918, 34.008255, 0.123077, 0.105495, 106.636330
4.166526, 34.649918, 34.008255, 0.112527, 0.101099, 108.050194
4.175912, 35.291584, 34.649918, 0.119560, 0.103736, 106.539764
4.185300, 35.291584, 34.649918, 0.118681, 0.087033, 106.517540
4.194542, 34.649918, 34.008255, 0.119560, 0.094945, 108.201691
4.202651, 29.516598, 29.516598, 0.118681, 0.101978, 123.328011
4.212037, 34.649918, 34.649918, 0.123956, 0.111648, 106.541183
4.221426, 34.649918, 34.008255, 0.115165, 0.089670, 106.515182
4.230670, 34.008255, 34.008255, 0.107253, 0.089670, 108.166580
4.240056, 35.291584, 34.649918, 0.108132, 0.096703, 106.549698
4.249446, 35.291584, 34.649918, 0.109011, 0.094945, 106.490601
4.258693, 34.649918, 34.008255, 0.140659, 0.084396, 108.144165
4.265899, 25.666607, 25.666607, 0.106374, 0.094945, 138.777252
4.275259, 34.649918, 34.008255, 0.128352, 0.095824, 106.833809
4.284651, 34.649918, 34.008255, 0.116923, 0.096703, 106.473595
4.294043, 34.649918, 34.008255, 0.131868, 0.103736, 106.476425
4.303581, 35.291584, 34.649918, 0.121319, 0.104615, 104.841484
4.312956, 34.649918, 34.649918, 0.101099, 0.092308, 106.665245
4.322438, 35.291584, 34.649918, 0.098462, 0.087033, 105.460205
4.331824, 35.291584, 34.008255, 0.106374, 0.083516, 106.538818
4.341213, 34.649918, 34.649918, 0.116923, 0.097582, 106.512825
4.350471, 34.649918, 34.008255, 0.117802, 0.096703, 108.006912
4.359862, 35.291584, 34.649918, 0.126593, 0.087033, 106.491547
4.369240, 35.291584, 34.649918, 0.109890, 0.115165, 106.631126
4.378611, 34.649918, 34.649918, 0.106374, 0.104615, 106.716469
4.388014, 35.291584, 34.649918, 0.096703, 0.101978, 106.339615
4.397399, 35.291584, 34.649918, 0.103736, 0.097582, 106.551117
4.406646, 34.649918, 34.008255, 0.115165, 0.086154, 108.152939
4.416022, 34.649918, 34.649918, 0.108132, 0.099341, 106.651489
4.425397, 34.649918, 34.649918, 0.122198, 0.103736, 106.667625
4.434643, 34.008255, 34.008255, 0.116923, 0.088791, 108.158279
4.444033, 34.649918, 34.008255, 0.115165, 0.101978, 106.505257
4.453467, 35.291584, 34.008255, 0.129231, 0.104615, 105.997238
4.462763, 34.008255, 34.008255, 0.110769, 0.097582, 107.565918
4.472151, 34.649918, 34.649918, 0.121319, 0.087033, 106.518005
4.481537, 34.649918, 34.649918, 0.120440, 0.088791, 106.546394
4.490780, 34.008255, 34.008255, 0.124835, 0.100220, 108.191933
4.500167, 34.649918, 34.649918, 0.110769, 0.101099, 106.526520
4.509550, 34.649918, 34.649918, 0.109890, 0.091429, 106.577621
4.518780, 34.649918, 33.366589, 0.116923, 0.104615, 108.337959
4.528160, 34.649918, 34.008255, 0.127473, 0.121319, 106.615013
4.537546, 35.291584, 34.008255, 0.125714, 0.093187, 106.541191
4.546801, 34.649918, 34.008255, 0.116923, 0.094066, 108.043869
4.556191, 34.649918, 34.649918, 0.113407, 0.098462, 106.490128
4.565572, 34.649918, 34.649918, 0.095824, 0.101099, 106.606964
4.574803, 34.008255, 34.008255, 0.110769, 0.086154, 108.326225
4.584181, 34.649918, 34.008255, 0.148571, 0.093187, 106.631126
4.593575, 35.291584, 34.649918, 0.101978, 0.101978, 106.447151
4.601635, 29.516598, 28.874933, 0.115165, 0.102857, 124.088074
4.610859, 34.649918, 34.008255, 0.125714, 0.094066, 108.401085
4.620241, 35.291584, 34.008255, 0.110769, 0.097582, 106.588028
4.629626, 35.291584, 34.008255, 0.103736, 0.128352, 106.557747
4.639014, 35.291584, 34.008255, 0.111648, 0.102857, 106.519440
4.648407, 35.291584, 34.008255, 0.117802, 0.083516, 106.458946
4.657801, 35.291584, 34.649918, 0.130110, 0.093187, 106.452339
4.667190, 35.291584, 34.649918, 0.116923, 0.110769, 106.503365
4.676579, 34.649918, 34.649918, 0.124835, 0.101099, 106.502419
4.685963, 34.649918, 34.008255, 0.114286, 0.113407, 106.571465
4.695467, 35.291584, 34.649918, 0.115165, 0.085275, 105.217003
4.704866, 35.291584, 34.649918, 0.110769, 0.088791, 106.393822
4.714351, 35.291584, 35.291584, 0.108132, 0.094945, 105.430557
4.723734, 35.291584, 34.008255, 0.107253, 0.105495, 106.571465
4.733120, 35.291584, 34.008255, 0.109011, 0.101099, 106.540237
4.742460, 35.291584, 34.008255, 0.175824, 0.088791, 107.062080
4.751859, 35.291584, 34.008255, 0.114286, 0.100220, 106.399956
4.761248, 34.649918, 34.649918, 0.123077, 0.102857, 106.509033
4.770605, 34.649918, 34.649918, 0.113407, 0.094066, 106.868523
4.780098, 35.291584, 35.291584, 0.122198, 0.085275, 105.343086
4.789513, 34.649918, 34.649918, 0.106374, 0.087912, 106.213486
4.798765, 34.008255, 34.008255, 0.109890, 0.102857, 108.089119
4.808156, 34.649918, 34.008255, 0.148571, 0.104615, 106.484467
4.817532, 35.291584, 34.008255, 0.121319, 0.088791, 106.654335
4.826767, 34.649918, 33.366589, 0.125714, 0.101978, 108.278824
4.836154, 35.291584, 34.008255, 0.113407, 0.104615, 106.531723
4.845673, 35.291584, 34.649918, 0.116044, 0.094066, 105.053055
4.855075, 35.291584, 34.649918, 0.108132, 0.099341, 106.363174
4.864450, 35.291584, 34.649918, 0.132747, 0.087033, 106.673302
4.871603, 26.308271, 25.024942, 0.110769, 0.086154, 139.795776
4.880822, 34.649918, 34.008255, 0.104615, 0.095824, 108.477516
4.890331, 35.933250, 34.649918, 0.119560, 0.102857, 105.157082
4.899713, 35.291584, 34.008255, 0.109890, 0.103736, 106.592285
4.908967, 34.649918, 34.008255, 0.118681, 0.080000, 108.054573
4.918459, 35.933250, 35.291584, 0.108132, 0.105495, 105.359276
4.927845, 35.291584, 34.649918, 0.122198, 0.099341, 106.546379
4.937228, 35.291584, 34.649918, 0.113407, 0.097582, 106.566261
4.946445, 34.649918, 33.366589, 0.113407, 0.094066, 108.493698
4.955850, 35.291584, 34.649918, 0.111648, 0.098462, 106.333961
4.965223, 34.649918, 34.649918, 0.115165, 0.096703, 106.684204
4.974496, 34.649918, 34.008255, 0.123956, 0.094066, 107.838509
4.983875, 34.649918, 34.008255, 0.133626, 0.080000, 106.630180
4.993259, 34.649918, 34.649918, 0.124835, 0.098462, 106.561050
5.002498, 34.008255, 34.008255, 0.031648, 0.020220, 108.240738
5.011889, 30.799929, 30.158262, 0.023736, 0.013187, 106.478310
5.021282, 26.308271, 25.024942, 0.024615, 0.013187, 106.473129
5.030535, 21.816616, 20.533285, 0.024615, 0.012308, 108.071594
5.039913, 18.608290, 16.041630, 0.024615, 0.013187, 106.624962
5.049303, 14.758299, 12.833303, 0.023736, 0.013187, 106.503838
5.058620, 12.191638, 9.624977, 0.023736, 0.013187, 107.318680
5.068023, 9.624977, 7.699982, 0.025495, 0.013187, 106.350929
5.077443, 7.058317, 5.133321, 0.025495, 0.013187, 106.164619
5.086730, 5.774986, 4.491656, 0.025495, 0.012308, 107.674500
5.096205, 4.491656, 2.566661, 0.023736, 0.013187, 105.537659
5.105651, 3.208326, 1.924996, 0.023736, 0.013187, 105.862114
5.115087, 1.924996, 1.924996, 0.023736, 0.013187, 105.984589
5.124516, 1.924996, 0.641665, 0.025495, 0.012308, 106.043602
5.133952, 1.283330, 0.000000, 0.025495, 0.013187, 105.988815
5.143383, 0.641665, -0.641665, 0.024615, 0.013187, 106.028603
5.152795, -0.641665, 0.000000, 0.025495, 0.012308, 106.244522
5.162327, -0.000000, -0.641665, 0.024615, 0.012308, 104.917122
5.171749, -0.000000, -0.641665, 0.024615, 0.013187, 106.133171
5.181171, -0.641665, 0.000000, 0.024615, 0.013187, 106.132698
5.189220, -0.641665, 0.000000, 0.025495, 0.013187, 124.247406
5.198497, -0.000000, 0.000000, 0.024615, 0.013187, 107.791039
5.207931, -0.641665, 0.000000, 0.024615, 0.012308, 106.010353
5.217346, -0.000000, 0.000000, 0.025495, 0.013187, 106.204079
5.226620, -0.000000, 0.000000, 0.024615, 0.013187, 107.829315
5.236041, -0.000000, 0.000000, 0.024615, 0.013187, 106.153824
5.245458, -0.000000, 0.000000, 0.023736, 0.013187, 106.183411
5.254752, -0.000000, 0.000000, 0.024615, 0.013187, 107.597275
5.264186, -0.000000, 0.000000, 0.025495, 0.013187, 106.000511
5.273613, -0.000000, 0.000000, 0.025495, 0.013187, 106.072189
5.282870, -0.000000, 0.000000, 0.025495, 0.013187, 108.035110
5.292311, -0.000000, 0.000000, 0.025495, 0.013187, 105.923790
5.301724, -0.000000, 0.000000, 0.023736, 0.013187, 106.229477
5.311140, -0.000000, 0.000000, 0.025495, 0.012308, 106.213966
5.320556, -0.000000, 0.000000, 0.024615, 0.012308, 106.193748
5.329978, -0.000000, 0.000000, 0.024615, 0.013187, 106.139267
5.339387, -0.000000, 0.000000, 0.024615, 0.013187, 106.269928
5.348824, -0.000000, 0.000000, 0.025495, 0.012308, 105.973366
5.358385, -0.000000, 0.000000, 0.024615, 0.013187, 104.592934
5.367808, -0.000000, 0.000000, 0.024615, 0.013187, 106.118622
5.377234, -0.000000, 0.000000, 0.024615, 0.013187, 106.083450
5.386532, -0.000000, 0.000000, 0.024615, 0.012308, 107.552902
5.395977, -0.000000, 0.000000, 0.024615, 0.013187, 105.884064
5.405406, -0.000000, 0.000000, 0.024615, 0.013187, 106.052498
5.414694, -0.000000, 0.000000, 0.023736, 0.014066, 107.667740
5.424124, -0.000000, 0.000000, 0.024615, 0.013187, 106.039848
5.433556, -0.000000, 0.000000, 0.023736, 0.013187, 106.024864
5.442825, -0.000000, 0.000000, 0.023736, 0.013187, 107.891846
5.452260, -0.000000, 0.000000, 0.023736, 0.013187, 105.985535
5.461696, -0.000000, 0.000000, 0.024615, 0.013187, 105.978973
5.471127, -0.000000, 0.000000, 0.024615, 0.013187, 106.035172
5.480539, -0.000000, 0.000000, 0.024615, 0.012308, 106.244522
5.487440, -0.000000, 0.000000, 0.024615, 0.012308, 144.915298
5.496983, -0.000000, 0.000000, 0.023736, 0.014066, 104.791595
5.506607, -0.000000, 0.000000, 0.025495, 0.013187, 103.903748
5.516028, -0.000000, 0.000000, 0.024615, 0.013187, 106.145370
5.525462, -0.000000, 0.000000, 0.024615, 0.013187, 106.002388
5.534748, -0.000000, 0.000000, 0.024615, 0.012308, 107.689972
5.544176, -0.000000, 0.000000, 0.023736, 0.013187, 106.068901
5.553615, -0.000000, 0.000000, 0.025495, 0.013187, 105.943901
5.563048, -0.000000, 0.000000, 0.023736, 0.013187, 106.001915
5.572471, -0.000000, 0.000000, 0.023736, 0.012308, 106.126129
5.581893, -0.000000, 0.000000, 0.025495, 0.013187, 106.130356
5.591320, -0.000000, 0.000000, 0.024615, 0.012308, 106.088608
5.600754, -0.000000, 0.000000, 0.025495, 0.013187, 105.990219
5.610313, -0.000000, 0.000000, 0.024615, 0.013187, 104.612534
5.619744, -0.000000, 0.000000, 0.025495, 0.012308, 106.032837
5.629170, -0.000000, 0.000000, 0.025495, 0.012308, 106.095627
5.638484, -0.000000, 0.000000, 0.025495, 0.013187, 107.371986
5.648023, -0.000000, 0.000000, 0.025495, 0.013187, 104.829124
5.657474, -0.000000, 0.000000, 0.024615, 0.013187, 105.809380
5.666763, -0.000000, 0.000000, 0.024615, 0.013187, 107.652283
5.676193, -0.000000, 0.000000, 0.025495, 0.013187, 106.046417
5.685623, -0.000000, 0.000000, 0.024615, 0.013187, 106.045013
5.695200, -0.000000, 0.000000, 0.025495, 0.012308, 104.408195
5.704646, -0.000000, 0.000000, 0.023736, 0.013187, 105.873795
5.714079, -0.000000, 0.000000, 0.024615, 0.013187, 106.003792
5.722107, -0.000000, 0.000000, 0.025495, 0.012308, 124.564659
5.730322, -0.000000, 0.000000, 0.024615, 0.013187, 121.727318
5.739742, -0.000000, 0.000000, 0.025495, 0.013187, 106.164154
5.749174, -0.000000, 0.000000, 0.024615, 0.013187, 106.023933
5.758499, -0.000000, 0.000000, 0.025495, 0.012308, 107.230453
5.767931, -0.000000, 0.000000, 0.024615, 0.013187, 106.022995
5.777344, -0.000000, 0.000000, 0.024615, 0.013187, 106.231354
5.786645, -0.000000, 0.000000, 0.025495, 0.013187, 107.512917
5.796074, -0.000000, 0.000000, 0.025495, 0.013187, 106.056244
5.805511, -0.000000, 0.000000, 0.025495, 0.012308, 105.967285
5.814787, -0.000000, 0.000000, 0.025495, 0.012308, 107.808968
5.824208, -0.000000, 0.000000, 0.024615, 0.013187, 106.139740
5.833637, -0.000000, 0.000000, 0.024615, 0.012308, 106.058128
5.843061, -0.000000, 0.000000, 0.023736, 0.012308, 106.112526
5.852490, -0.000000, 0.000000, 0.023736, 0.012308, 106.055313
5.861907, -0.000000, 0.000000, 0.024615, 0.012308, 106.196106
5.871315, -0.000000, 0.000000, 0.024615, 0.013187, 106.280273
5.880748, -0.000000, 0.000000, 0.025495, 0.014066, 106.015968
5.890330, -0.000000, 0.000000, 0.025495, 0.012308, 104.354179
5.899763, -0.000000, 0.000000, 0.023736, 0.012308, 106.018295
5.909189, -0.000000, 0.000000, 0.024615, 0.013187, 106.090012
5.918499, -0.000000, 0.000000, 0.024615, 0.013187, 107.409462
5.927927, -0.000000, 0.000000, 0.024615, 0.013187, 106.066101
5.937360, -0.000000, 0.000000, 0.024615, 0.013187, 106.008003
5.946654, -0.000000, 0.000000, 0.024615, 0.012308, 107.599190
5.955932, -0.000000, 0.000000, 0.023736, 0.013187, 107.777496
5.965384, -0.000000, 0.000000, 0.024615, 0.012308, 105.794914
5.974673, -0.000000, 0.000000, 0.025495, 0.013187, 107.655174
5.984027, -0.000000, 0.000000, 0.024615, 0.013187, 106.907097
5.993487, -0.000000, 0.000000, 0.025495, 0.013187, 105.709175
6.002772, -0.000000, 0.000000, 0.024615, 0.012308, 107.704453
6.012185, -0.000000, 0.000000, 0.024615, 0.013187, 106.235596
6.021613, -0.000000, 0.000000, 0.023736, 0.013187, 106.064682
6.031044, -0.000000, 0.000000, 0.025495, 0.013187, 106.035172
6.040475, -0.000000, 0.000000, 0.024615, 0.012308, 106.034225
6.049744, -0.000000, 0.000000, 0.025495, 0.013187, 107.886993
6.059190, -0.000000, 0.000000, 0.025495, 0.012308, 105.859314
6.068596, -0.000000, 0.000000, 0.025495, 0.013187, 106.314644
6.078011, -0.000000, 0.000000, 0.026374, 0.012308, 106.219604
6.087441, -0.000000, 0.000000, 0.024615, 0.014066, 106.046875
6.096871, -0.000000, 0.000000, 0.024615, 0.013187, 106.037514
6.104047, -0.000000, 0.000000, 0.023736, 0.014066, 139.359894
6.113464, -0.000000, 0.000000, 0.025495, 0.012308, 106.185295
6.122755, -0.000000, 0.000000, 0.024615, 0.012308, 107.641182
6.132184, -0.000000, 0.000000, 0.024615, 0.014066, 106.054840
6.141607, -0.000000, 0.000000, 0.023736, 0.013187, 106.115814
6.151033, -0.000000, 0.000000, 0.023736, 0.012308, 106.095169
6.160465, -0.000000, 0.000000, 0.025495, 0.013187, 106.017365
6.169880, -0.000000, 0.000000, 0.024615, 0.013187, 106.218193
6.179305, -0.000000, 0.000000, 0.024615, 0.012308, 106.105019
6.188731, -0.000000, 0.000000, 0.025495, 0.013187, 106.081558
6.198411, -0.000000, 0.000000, 0.026374, 0.013187, 103.315125
6.207858, -0.000000, 0.000000, 0.024615, 0.012308, 105.845306
6.217283, -0.000000, 0.000000, 0.025495, 0.012308, 106.101738
6.226562, -0.000000, 0.000000, 0.024615, 0.014066, 107.759094
6.235974, -0.000000, 0.000000, 0.024615, 0.013187, 106.249702
6.245406, -0.000000, 0.000000, 0.024615, 0.012308, 106.029541
6.254695, -0.000000, 0.000000, 0.024615, 0.014066, 107.653252
6.264117, -0.000000, 0.000000, 0.024615, 0.012308, 106.131287
6.273543, -0.000000, 0.000000, 0.024615, 0.013187, 106.092354
6.282824, -0.000000, 0.000000, 0.023736, 0.012308, 107.746048
6.292250, -0.000000, 0.000000, 0.025495, 0.013187, 106.087662
6.301689, -0.000000, 0.000000, 0.024615, 0.013187, 105.942024
6.311112, -0.000000, 0.000000, 0.025495, 0.013187, 106.119095
6.320543, -0.000000, 0.000000, 0.025495, 0.013187, 106.041725
6.329970, -0.000000, 0.000000, 0.024615, 0.013187, 106.071724
6.339402, -0.000000, 0.000000, 0.024615, 0.013187, 106.027199
6.348832, -0.000000, 0.000000, 0.023736, 0.013187, 106.047348
6.358379, -0.000000, 0.000000, 0.024615, 0.013187, 104.742203
6.367811, -0.000000, 0.000000, 0.025495, 0.013187, 106.020187
6.377240, -0.000000, 0.000000, 0.026374, 0.012308, 106.062813
6.386537, -0.000000, 0.000000, 0.024615, 0.012308, 107.561577
6.395970, -0.000000, 0.000000, 0.024615, 0.013187, 106.009407
6.405384, -0.000000, 0.000000, 0.024615, 0.013187, 106.225235
6.414670, -0.000000, 0.000000, 0.025495, 0.013187, 107.690933
6.424089, -0.000000, 0.000000, 0.024615, 0.013187, 106.162277
6.433513, -0.000000, 0.000000, 0.025495, 0.012308, 106.120499
6.442794, -0.000000, 0.000000, 0.024615, 0.012308, 107.742180
6.452217, -0.000000, 0.000000, 0.024615, 0.013187, 106.133171
6.461644, -0.000000, 0.000000, 0.024615, 0.013187, 106.079216
6.471087, -0.000000, 0.000000, 0.025495, 0.013187, 105.899483
6.480502, -0.000000, 0.000000, 0.023736, 0.012308, 106.205032
6.489935, -0.000000, 0.000000, 0.024615, 0.013187, 106.007072
6.499372, -0.000000, 0.000000, 0.023736, 0.013187, 105.972427
6.508808, -0.000000, 0.000000, 0.024615, 0.013187, 105.981323
6.518338, -0.000000, 0.000000, 0.026374, 0.012308, 104.925835
6.527745, -0.000000, 0.000000, 0.024615, 0.012308, 106.309464
6.537169, -0.000000, 0.000000, 0.025495, 0.012308, 106.113464
6.546469, -0.000000, 0.000000, 0.024615, 0.013187, 107.526398
6.555905, -0.000000, 0.000000, 0.023736, 0.012308, 105.970093
6.565336, -0.000000, 0.000000, 0.024615, 0.012308, 106.039391
6.574622, -0.000000, 0.000000, 0.025495, 0.012308, 107.688995
6.584047, -0.000000, 0.000000, 0.024615, 0.012308, 106.091408
6.593480, -0.000000, 0.000000, 0.025495, 0.013187, 106.012215
6.603367, -0.000000, 0.000000, 0.024615, 0.013187, 101.142494
6.612799, -0.000000, 0.000000, 0.024615, 0.013187, 106.022987
6.622340, -0.000000, 0.000000, 0.025495, 0.013187, 104.810356
6.631772, -0.000000, 0.000000, 0.024615, 0.013187, 106.029549
6.641190, -0.000000, 0.000000, 0.024615, 0.013187, 106.171677
6.650630, -0.000000, 0.000000, 0.024615, 0.013187, 105.926590
6.660065, -0.000000, 0.000000, 0.024615, 0.012308, 105.995361
6.669486, -0.000000, 0.000000, 0.025495, 0.013187, 106.140671
6.678757, -0.000000, 0.000000, 0.024615, 0.013187, 107.858864
6.688192, -0.000000, 0.000000, 0.024615, 0.012308, 105.984604
6.697484, -0.000000, 0.000000, 0.024615, 0.012308, 107.619461
6.706798, -0.000000, 0.000000, 0.025495, 0.013187, 107.373901
6.716226, -0.000000, 0.000000, 0.024615, 0.013187, 106.060005
6.723409, -0.000000, 0.000000, 0.024615, 0.012308, 139.223251
6.732836, -0.000000, 0.000000, 0.025495, 0.013187, 106.075470
6.742364, -0.000000, 0.000000, 0.024615, 0.012308, 104.950142
6.751631, -0.000000, 0.000000, 0.025495, 0.012308, 107.907852
6.761078, -0.000000, 0.000000, 0.024615, 0.012308, 105.851372
6.770472, -0.000000, 0.000000, 0.024615, 0.013187, 106.453293
6.779879, -0.000000, 0.000000, 0.024615, 0.013187, 106.301453
6.789146, -0.000000, 0.000000, 0.024615, 0.013187, 107.905418
6.798514, -0.000000, 0.000000, 0.024615, 0.013187, 106.753975
6.807933, -0.000000, 0.000000, 0.024615, 0.012308, 106.163681
6.817355, -0.000000, 0.000000, 0.025495, 0.012308, 106.141159
6.826640, -0.000000, 0.000000, 0.024615, 0.013187, 107.698166
6.836057, -0.000000, 0.000000, 0.025495, 0.012308, 106.188110
6.845488, -0.000000, 0.000000, 0.024615, 0.013187, 106.027672
6.854784, -0.000000, 0.000000, 0.023736, 0.013187, 107.577972
6.864216, -0.000000, 0.000000, 0.025495, 0.013187, 106.021118
6.873648, -0.000000, 0.000000, 0.025495, 0.012308, 106.017838
6.883071, -0.000000, 0.000000, 0.025495, 0.013187, 106.125183
6.892499, -0.000000, 0.000000, 0.024615, 0.012308, 106.066101
6.901945, -0.000000, 0.000000, 0.025495, 0.012308, 105.863983
6.911381, -0.000000, 0.000000, 0.023736, 0.013187, 105.979446
6.920809, -0.000000, 0.000000, 0.024615, 0.012308, 106.067505
6.930336, -0.000000, 0.000000, 0.025495, 0.012308, 104.968040
6.939759, -0.000000, 0.000000, 0.025495, 0.013187, 106.117210
6.949186, -0.000000, 0.000000, 0.024615, 0.012308, 106.075943
6.958504, -0.000000, 0.000000, 0.024615, 0.012308, 107.324928
6.967936, -0.000000, 0.000000, 0.024615, 0.012308, 106.024864
6.977362, -0.000000, 0.000000, 0.023736, 0.012308, 106.084846
6.986670, -0.000000, 0.000000, 0.025495, 0.013187, 107.431580
6.995952, -0.000000, 0.000000, 0.024615, 0.013187, 107.738792
7.005392, -0.000000, 0.000000, 0.025495, 0.012308, 105.937340
7.014678, -0.000000, 0.000000, 0.025495, 0.013187, 107.677399
7.024108, -0.000000, 0.000000, 0.026374, 0.013187, 106.050636
7.033537, -0.000000, 0.000000, 0.024615, 0.012308, 106.058594
7.042828, -0.000000, 0.000000, 0.025495, 0.012308, 107.628632
7.052416, -0.000000, 0.000000, 0.023736, 0.013187, 104.299301
7.061881, -0.000000, 0.000000, 0.024615, 0.012308, 105.649147
7.071301, -0.000000, 0.000000, 0.026374, 0.012308, 106.152428
7.080716, -0.000000, 0.000000, 0.024615, 0.012308, 106.217247
7.090138, -0.000000, 0.000000, 0.024615, 0.013187, 106.138802
7.098753, -0.000000, 0.000000, 0.025495, 0.013187, 116.071556
