3.136654
3.136773
3.136902
3.137122
3.137353
3.137605
3.137688
3.137768
3.137890
3.138033
3.138142
3.138217
3.138245
3.138285
3.138345
3.138362
3.138334
3.138260
3.138158
3.137992
3.137757
3.137466
3.137145
3.136810
3.136490
3.136171
3.135779
3.135372
3.134938
3.134481
3.134031
3.133600
3.133187
3.132797
3.132418
3.132037
3.131649
3.131251
3.130831
3.130389
3.129997
3.129613
3.129247
3.128927
3.128635
3.128387
3.128196
3.128008
3.127883
3.127790
3.127723
3.127660
3.127620
3.127556
3.127503
3.127437
3.127394
3.127352
3.127306
3.127266
3.127267
3.127248
3.127230
3.127199
3.127182
3.127141
3.127089
3.127043
3.126980
3.126896
3.126811
3.126687
3.126556
3.126396
3.126209
3.126030
3.125835
3.125659
3.125487
3.125319
3.125158
3.124977
3.124819
3.124691
3.124542
3.124382
3.124233
3.124055
3.123879
3.123734
3.123617
3.123549
3.123539
3.123598
3.123697
3.124218
3.125628
3.127676
3.129782
3.132029
3.134508
3.136846
3.138754
3.139835
3.140342
3.140520
3.140593
3.140599
3.140708
3.140907
3.141001
3.140918
3.141035
3.141586
3.142358
3.142769
3.142968
3.143101
3.143127
3.142930
3.142571
3.142163
3.141730
3.141257
3.140763
3.140240
3.139681
3.138974
3.138248
3.137562
3.136842
3.136161
3.135514
3.134890
3.134276
3.133719
3.133176
3.132563
3.132028
3.131589
3.131160
3.130761
3.130386
3.130097
3.129878
3.129690
3.129524
3.129452
3.129424
3.129420
3.129442
3.129527
3.129673
3.129866
3.130086
3.130335
3.130668
3.131023
3.131425
3.131888
3.132414
3.132978
3.133579
3.134260
3.135010
3.135803
3.136661
3.137609
3.138631
3.139726
3.140872
3.142085
3.143298
3.144660
3.146217
3.147887
3.149584
3.151379
3.153341
3.155444
3.157684
3.160039
3.162591
3.165302
3.168200
3.171303
3.174640
3.178233
3.182088
3.186260
3.190704
3.195494
3.200575
3.205047
3.207428
3.209059
3.209661
3.209072
3.207860
3.206501
3.205141
3.204031
3.203271
3.202207
3.201138
3.200377
3.199840
3.199819
3.200350
3.201145
3.201637
3.201748
3.201966
3.202723
3.204351
3.205876
3.206734
3.207671
3.208660
3.209506
3.209881
3.209727
3.209938
3.210403
3.210668
3.210988
3.211524
3.212087
3.212650
3.213382
3.213774
3.213408
3.213867
3.214174
3.214234
3.214984
3.215674
3.216575
3.217210
3.217697
3.218053
3.217933
3.217763
3.217734
3.217481
3.217783
3.217729
3.217349
3.216582
3.216293
3.216461
3.217341
3.218314
3.218697
3.219499
3.221125
3.222149
3.223128
3.223698
3.224794
3.225055
3.225012
3.224917
3.224816
3.224456
3.224192
3.224132
3.224560
3.225046
3.225401
3.225693
3.225555
3.226179
3.227357
3.229156
3.230649
3.231956
3.232684
3.233384
3.234332
3.235237
3.235572
3.234871
3.234113
3.233915
3.233098
3.231968
3.232016
3.232781
3.233921
3.234095
3.234106
3.235823
3.238913
3.242305
3.243634
3.242014
3.239353
3.236678
3.235873
3.235432
3.236337
3.239590
3.242969
3.246976
3.251572
3.256289
3.258259
3.259554
3.260671
3.260994
3.260158
3.258386
3.257348
3.255734
3.254826
3.253643
3.253421
3.253073
3.253682
3.254485
3.256864
3.259183
3.261389
3.264608
3.267011
3.270761
3.275067
3.279021
3.282812
3.287029
3.291296
3.297080
3.303106
3.309871
3.317612
3.326497
3.337658
3.353193
3.369228
3.393372
3.421048
3.446750
3.467353
3.483082
3.492578
3.496818
3.496305
3.491144
3.485417
3.479336
3.470595
3.459414
3.445667
3.427850
3.408813
3.387649
3.364923
3.340153
3.312591
3.281901
3.247432
3.209884
3.172238
3.133438
3.092256
3.053315
3.020882
2.995895
2.978068
2.967318
2.963368
2.967345
2.978843
2.996493
3.017499
3.037015
3.053333
3.061012
3.062787
3.061426
3.057012
3.052356
3.049656
3.050122
3.052854
3.054660
3.055826
3.054946
3.053566
3.052789
3.052834
3.053477
3.054257
3.054832
3.056127
3.057675
3.059532
3.061879
3.064014
3.065914
3.067105
3.067680
3.068023
3.068262
3.068307
3.068976
3.070374
3.071195
3.072489
3.074212
3.075504
3.076964
3.078648
3.079273
3.078711
3.077252
3.075265
3.073279
3.072014
3.071793
3.072659
3.074092
3.075280
3.076319
3.077599
3.078629
3.079494
3.080293
3.081230
3.081748
3.081928
3.082150
3.081985
3.081383
3.080298
3.079675
3.079288
3.079281
3.079338
3.078517
3.077425
3.076900
3.076734
3.076280
3.075733
3.075176
3.075056
3.074783
3.074719
3.075206
3.075153
3.074590
3.073973
3.073530
3.073434
3.073389
3.073835
3.073474
3.073349
3.073581
3.073400
3.073539
3.074150
3.074263
3.074288
3.074020
3.073401
3.073005
3.072977
3.072921
3.073886
3.074667
3.075907
3.075963
3.074991
3.072390
3.069359
3.066231
3.063928
3.062510
3.060795
3.060547
3.060517
3.060866
3.060952
3.061607
3.062138
3.062333
3.063263
3.064111
3.064705
3.064896
3.064395
3.063366
3.061880
3.060788
3.059125
3.058744
3.057691
3.056830
3.057734
3.061333
3.068086
3.077810
3.089385
3.100462
3.111693
3.122254
3.132431
3.141804
3.149958
3.156692
3.159734
3.158973
3.158442
3.158561
3.157999
3.156451
3.154546
3.151889
3.149081
3.146765
3.144120
3.141132
3.138277
3.135228
3.131894
3.130010
3.129203
3.126440
3.123610
3.121735
3.120567
3.119546
3.119516
3.120427
3.122458
3.124129
3.126223
3.128808
3.131778
3.134991
3.138073
3.140496
3.142499
3.144274
3.145681
3.145831
3.144615
3.143160
3.142641
3.142287
3.141285
3.139762
3.138241
3.136836
3.135707
3.134843
3.134171
3.133668
3.133215
3.132663
3.131902
3.130886
3.129611
3.128020
3.125980
3.123446
3.120540
3.117520
3.114376
3.111337
3.108413
3.105291
3.102061
3.100025
3.098585
3.096832
3.094549
3.092206
3.091000
3.090628
3.089908
3.088677
3.087072
3.085538
3.085027
3.085539
3.085948
3.086152
3.086361
3.087064
3.087958
3.088403
3.088789
3.089752
3.091058
3.091887
3.092219
3.092615
3.093171
3.093726
3.094473
3.094934
3.094816
3.094764
3.094984
3.094843
3.094506
3.093995
3.093646
3.093679
3.093448
3.092906
3.092249
3.091424
3.090586
3.089718
3.088734
3.087959
3.087677
3.087306
3.086420
3.085469
3.084461
3.083607
3.082857
3.082193
3.081957
3.082466
3.082924
3.082835
3.082778
3.083326
3.084286
3.085120
3.085220
3.085542
3.086424
3.087027
3.087411
3.088012
3.088461
3.088444
3.088457
3.088501
3.088821
3.089270
3.089227
3.088783
3.088520
3.087824
3.087025
3.086458
3.085982
3.085257
3.084490
3.083559
3.082467
3.081856
3.081496
3.080812
3.080468
3.079873
3.078889
3.078587
3.078677
3.078716
3.078787
3.078349
3.077941
3.077995
3.078317
3.078733
3.078865
3.078749
3.078876
3.079167
3.079831
3.080153
3.080176
3.079998
3.079277
3.078556
3.077742
3.077263
3.077452
3.077588
3.077479
3.076833
3.075992
3.075495
3.075313
3.076162
3.077270
3.078333
3.078815
3.079133
3.079009
3.079037
3.078501
3.077895
3.077511
3.077349
3.076873
3.075902
3.075307
3.074847
3.074592
3.073515
3.072706
3.072346
3.071153
3.069927
3.070003
3.070418
3.070484
3.070878
3.070583
3.070002
3.069321
3.069697
3.070321
3.070190
3.068360
3.066827
3.065375
3.064122
3.063104
3.062892
3.063841
3.065055
3.066836
3.068513
3.070347
3.071125
3.071696
3.071657
3.070298
3.069690
3.068745
3.068184
3.067516
3.066478
3.065744
3.064630
3.064344
3.063307
3.062282
3.061868
3.061061
3.059744
3.058852
3.058142
3.057776
3.057284
3.057445
3.057276
3.057043
3.056840
3.056648
3.056677
3.057361
3.057901
3.058698
3.059087
3.059237
3.059716
3.059323
3.058519
3.057668
3.057315
3.057159
3.056124
3.054841
3.054244
3.053603
3.053130
3.051773
3.050009
3.048653
3.048522
3.049424
