3.138033,2.601620,0,0,0.225604,-0.225604,0.000128,0.000000,-0.001283,0.003559,0.028475,0.028475,0.000000,0.000000,-0.002871,-0.002871,0.000000,3.141593
3.137992,2.602086,0,0,0.232124,-0.232124,0.000128,0.000000,-0.001283,0.003601,0.028805,0.028805,0.000000,0.000000,0.003319,0.003319,0.000000,3.141593
3.134481,2.602437,0,0,0.266031,-0.266031,0.000128,0.000000,-0.001283,0.007111,0.056890,0.056890,0.000000,0.000000,0.009141,0.009141,0.000000,3.141593
3.130389,2.603322,0,0,0.298487,-0.298487,0.000128,0.000000,-0.001283,0.011204,0.089632,0.089632,0.000000,0.000000,0.008855,0.008855,0.000000,3.141593
3.127723,2.602910,0,0,0.312303,-0.312303,0.000128,0.000000,-0.001283,0.013870,0.110958,0.110958,0.000000,0.000000,0.001345,0.001345,0.000000,3.141593
3.127267,2.603414,0,0,0.314590,-0.314590,0.000128,0.000000,-0.001283,0.014326,0.114609,0.114609,0.000000,0.000000,-0.000019,-0.000019,0.000000,3.141593
3.126811,2.604163,0,0,0.319960,-0.319960,0.000128,0.000000,-0.001283,0.014782,0.118258,0.118258,0.000000,0.000000,0.001702,0.001702,0.000000,3.141593
3.125158,2.604744,0,0,0.334693,-0.334693,0.000257,0.000000,0.000000,0.016435,0.131479,0.131479,0.000000,0.000000,0.003214,0.003214,0.000000,3.141593
3.123617,2.605877,0,1,0.346134,-0.346134,0.000513,0.000000,0.002567,0.017975,0.143803,0.143803,0.000000,0.000000,0.002332,0.002332,0.012833,3.141593
3.134508,2.616688,0,1,0.207104,-0.207104,0.003465,0.000000,0.032083,0.007085,0.056681,0.056681,0.000000,0.000000,-0.049577,-0.049577,0.012833,3.141593
3.141001,2.630245,0,2,0.202860,-0.202860,0.004620,0.000000,0.043633,0.000592,0.004734,0.004734,0.000000,0.000000,-0.001874,-0.001874,0.025667,3.141593
3.142571,2.637751,0,0,-0.200663,0.200663,0.005133,0.000000,0.048767,-0.000979,-0.007830,-0.007830,-0.000000,-0.000000,0.007167,0.007167,0.000000,3.141593
3.136842,2.638830,0,0,0.252424,-0.252424,0.005390,0.000000,0.051333,0.004751,0.038010,0.038010,0.000000,0.000000,0.014415,0.014415,0.000000,3.141593
3.130761,2.639821,0,0,0.294639,-0.294639,0.005390,0.000000,0.051333,0.010832,0.086657,0.086657,0.000000,0.000000,0.007982,0.007982,0.000000,3.141593
3.129527,2.640479,0,0,0.294831,-0.294831,0.005390,0.000000,0.051333,0.012066,0.096529,0.096529,0.000000,0.000000,-0.001698,-0.001698,0.000000,3.141593
3.132978,2.640955,0,0,0.257652,-0.257652,0.005390,0.000000,0.051333,0.008615,0.068920,0.068920,0.000000,0.000000,-0.011268,-0.011268,0.000000,3.141593
3.142085,2.641237,0,-1,-0.228205,0.228205,0.005262,0.000000,0.050050,-0.000492,-0.003939,-0.003939,-0.000000,-0.000000,-0.024266,-0.024266,-0.012833,3.141593
3.160039,2.641515,-1,0,-0.394683,0.394683,0.004877,0.000000,0.048767,-0.018446,-0.147572,-0.147572,-0.000000,-0.000000,-0.047112,-0.047112,-0.012833,3.141593
3.195494,2.645677,0,-2,-0.527008,0.527008,0.004620,0.000000,0.046200,-0.053901,-0.431211,-0.431211,-0.000000,-0.000000,-0.095797,-0.095797,-0.025667,3.141593
3.204031,2.636126,-6,-7,-0.477323,0.477323,-0.006802,0.000000,0.034650,-0.062439,-0.499510,-0.499510,-0.000000,-0.000000,0.022187,0.022187,-0.166833,3.141593
3.201748,2.623845,-7,-8,-0.483461,0.483461,-0.026180,0.000000,0.020533,-0.060155,-0.481239,-0.481239,-0.000000,-0.000000,-0.002222,-0.002222,-0.192500,3.141593
3.209727,2.609564,-11,-11,-0.541996,0.541996,-0.050692,0.000000,0.008983,-0.068135,-0.545076,-0.545076,-0.000000,-0.000000,0.003080,0.003080,-0.282333,3.141593
3.213867,2.594836,-13,-14,-0.587378,0.587378,-0.086753,0.000000,-0.010267,-0.072274,-0.578194,-0.578194,-0.000000,-0.000000,-0.009184,-0.009184,-0.346499,3.141593
3.217763,2.585276,-17,-19,-0.605959,0.605959,-0.128590,0.000000,-0.025667,-0.076170,-0.609364,-0.609364,-0.000000,-0.000000,0.003405,0.003405,-0.461999,3.141593
3.218314,2.582384,-20,-20,-0.633231,0.633231,-0.177613,0.000000,-0.033367,-0.076721,-0.613771,-0.613771,-0.000000,-0.000000,-0.019460,-0.019460,-0.513332,3.141593
3.224917,2.577986,-23,-23,-0.664689,0.664689,-0.234721,0.000000,-0.034650,-0.083324,-0.666592,-0.666592,-0.000000,-0.000000,0.001903,0.001903,-0.590332,3.141593
3.226179,2.572352,-28,-27,-0.689161,0.689161,-0.302738,0.000000,-0.037217,-0.084586,-0.676687,-0.676687,-0.000000,-0.000000,-0.012474,-0.012474,-0.705832,3.141593
3.234871,2.569020,-32,-33,-0.732215,0.732215,-0.381662,0.000000,-0.046200,-0.093279,-0.746229,-0.746229,-0.000000,-0.000000,0.014014,0.014014,-0.834165,3.141593
3.235823,2.570301,-35,-34,-0.788201,0.788201,-0.470726,0.000000,-0.043633,-0.094231,-0.753845,-0.753845,-0.000000,-0.000000,-0.034356,-0.034356,-0.885498,3.141593
3.239590,2.566357,-39,-39,-0.849035,0.849035,-0.570312,0.000000,-0.043633,-0.097997,-0.783976,-0.783976,-0.000000,-0.000000,-0.065060,-0.065060,-1.000998,3.141593
3.258386,2.573906,-47,-46,-0.898902,0.898902,-0.685812,0.000000,-0.041067,-0.116793,-0.934345,-0.934345,-0.000000,-0.000000,0.035443,0.035443,-1.193497,3.141593
3.259183,2.581496,-53,-53,-0.987101,0.987101,-0.815300,0.000000,-0.029517,-0.117590,-0.940723,-0.940723,-0.000000,-0.000000,-0.046377,-0.046377,-1.360330,3.141593
3.297080,2.586288,-54,-54,-1.000000,1.000000,-0.951975,0.000000,-0.030800,-0.155488,-1.243900,-1.243900,-0.000000,-0.000000,-0.115685,-0.115685,-1.385997,3.141593
3.467353,2.565640,-47,-50,-1.000000,1.000000,-1.098916,0.000000,-0.047483,-0.325760,-2.606081,-2.606081,-0.000000,-0.000000,-0.412059,-0.412059,-1.244830,3.141593
3.445667,2.676111,-52,-43,-1.000000,1.000000,-1.223527,0.000000,0.033367,-0.304075,-2.432596,-2.432596,-0.000000,-0.000000,0.274925,0.274925,-1.219164,3.141593
3.172238,2.599586,-38,-50,0.507767,-0.507767,-1.343262,0.000000,-0.042350,-0.030645,-0.245159,-0.245159,-0.000000,-0.000000,0.752926,0.752926,-1.129331,3.141593
2.978843,2.569226,24,17,1.000000,-1.000000,-1.337230,0.000000,-0.120633,0.162750,1.301998,1.301998,0.000000,0.000000,-0.229969,-0.229969,0.526165,3.141593
3.049656,2.633207,6,3,0.789490,-0.789490,-1.310665,0.000000,-0.083416,0.091937,0.735493,0.735493,0.000000,0.000000,0.053997,0.053997,0.115500,3.141593
3.054257,2.591344,5,2,0.683066,-0.683066,-1.302195,0.000000,-0.137316,0.087335,0.698683,0.698683,0.000000,0.000000,-0.015616,-0.015616,0.089833,3.141593
3.068023,2.560578,3,2,0.581693,-0.581693,-1.291159,0.000000,-0.168116,0.073569,0.588554,0.588554,0.000000,0.000000,-0.006862,-0.006862,0.064167,3.141593
3.078648,2.567839,4,6,0.469862,-0.469862,-1.281534,0.000000,-0.159133,0.062944,0.503555,0.503555,0.000000,0.000000,-0.033693,-0.033693,0.128333,3.141593
3.075280,2.602410,8,11,0.506728,-0.506728,-1.263567,0.000000,-0.120633,0.066312,0.530499,0.530499,0.000000,0.000000,-0.023770,-0.023770,0.243833,3.141593
3.081985,2.649790,8,12,0.480150,-0.480150,-1.237259,0.000000,-0.075717,0.059608,0.476860,0.476860,0.000000,0.000000,0.003290,0.003290,0.256666,3.141593
3.076734,2.701362,11,16,0.522188,-0.522188,-1.206587,0.000000,-0.023100,0.064859,0.518869,0.518869,0.000000,0.000000,0.003319,0.003319,0.346499,3.141593
3.073530,2.770679,14,17,0.553364,-0.553364,-1.165264,0.000000,0.043633,0.068063,0.544504,0.544504,0.000000,0.000000,0.008860,0.008860,0.397832,3.141593
3.074263,2.841635,15,22,0.536386,-0.536386,-1.120604,0.000000,0.120633,0.067330,0.538641,0.538641,0.000000,0.000000,-0.002255,-0.002255,0.474832,3.141593
3.075963,2.909160,19,24,0.523901,-0.523901,-1.069015,0.000000,0.192500,0.065629,0.525036,0.525036,0.000000,0.000000,-0.001135,-0.001135,0.551832,3.141593
3.060866,2.957690,23,27,0.638832,-0.638832,-1.011393,0.000000,0.242549,0.080727,0.645813,0.645813,0.000000,0.000000,-0.006981,-0.006981,0.641665,3.141593
3.063366,3.003425,25,28,0.646381,-0.646381,-0.944018,0.000000,0.279766,0.078226,0.625811,0.625811,0.000000,0.000000,0.020571,0.020571,0.680165,3.141593
3.077810,3.034591,25,23,0.315772,-0.315772,-0.874462,0.000000,0.315699,0.063782,0.510260,0.510260,0.000000,0.000000,-0.194488,-0.194488,0.615999,3.141593
3.158973,2.954114,18,8,-0.323819,0.323819,-0.824412,0.000000,0.243833,-0.017380,-0.139040,-0.139040,-0.000000,-0.000000,0.015221,0.015221,0.333666,3.141593
3.141132,2.841547,9,0,0.263465,-0.263465,-0.805418,0.000000,0.118066,0.000461,0.003689,0.003689,0.000000,0.000000,0.059776,0.059776,0.115500,3.141593
3.119546,2.792116,4,5,0.396784,-0.396784,-0.795023,0.000000,0.073150,0.022046,0.176371,0.176371,0.000000,0.000000,0.020413,0.020413,0.115500,3.141593
3.140496,2.826070,0,4,-0.239685,0.239685,-0.784757,0.000000,0.111650,0.001097,0.008776,0.008776,0.000000,0.000000,-0.048461,-0.048461,0.051333,3.141593
3.139762,2.848954,0,0,0.245105,-0.245105,-0.783987,0.000000,0.129616,0.001831,0.014645,0.014645,0.000000,0.000000,0.030460,0.030460,0.000000,3.141593
3.130886,2.851634,0,0,0.305955,-0.305955,-0.783987,0.000000,0.129616,0.010706,0.085651,0.085651,0.000000,0.000000,0.020304,0.020304,0.000000,3.141593
3.105291,2.851926,0,3,0.352859,-0.352859,-0.782575,0.000000,0.141166,0.036302,0.290413,0.290413,0.000000,0.000000,0.062447,0.062447,0.038500,3.141593
3.088677,2.870936,1,3,0.447950,-0.447950,-0.778597,0.000000,0.157850,0.052916,0.423326,0.423326,0.000000,0.000000,0.024624,0.024624,0.051333,3.141593
3.088403,2.905460,3,6,0.416629,-0.416629,-0.770127,0.000000,0.191216,0.053190,0.425522,0.425522,0.000000,0.000000,-0.008893,-0.008893,0.115500,3.141593
3.094816,2.964399,2,7,0.376586,-0.376586,-0.758320,0.000000,0.247683,0.046777,0.374216,0.374216,0.000000,0.000000,0.002370,0.002370,0.115500,3.141593
3.092249,3.038484,1,7,0.407908,-0.407908,-0.747540,0.000000,0.324683,0.049344,0.394753,0.394753,0.000000,0.000000,0.013156,0.013156,0.102666,3.141593
3.084461,3.135658,1,9,0.477203,-0.477203,-0.735605,0.000000,0.423499,0.057132,0.457052,0.457052,0.000000,0.000000,0.020151,0.020151,0.128333,3.141593
3.084286,-3.031052,1,12,0.439250,-0.439250,-0.719691,0.000000,0.544132,0.057307,0.458452,0.458452,0.000000,0.000000,-0.019202,-0.019202,0.166833,3.141593
3.088457,-2.905431,2,13,0.424834,-0.424834,-0.699928,0.000000,0.675032,0.053136,0.425087,0.425087,0.000000,0.000000,-0.000253,-0.000253,0.192500,3.141593
3.085982,-2.768228,2,13,0.454403,-0.454403,-0.679908,0.000000,0.816198,0.055611,0.444885,0.444885,0.000000,0.000000,0.009518,0.009518,0.192500,3.141593
3.078889,-2.629239,4,16,0.521315,-0.521315,-0.656808,0.000000,0.962498,0.062704,0.501631,0.501631,0.000000,0.000000,0.019684,0.019684,0.256666,3.141593
3.078865,-2.495622,6,17,0.499168,-0.499168,-0.629345,0.000000,1.098531,0.062727,0.501820,0.501820,0.000000,0.000000,-0.002651,-0.002651,0.295166,3.141593
3.077742,-2.372026,8,19,0.527096,-0.527096,-0.598288,0.000000,1.219164,0.063851,0.510807,0.510807,0.000000,0.000000,0.016289,0.016289,0.346499,3.141593
3.077270,-2.256863,10,19,0.492416,-0.492416,-0.562997,0.000000,1.335948,0.064322,0.514580,0.514580,0.000000,0.000000,-0.022163,-0.022163,0.372166,3.141593
3.076873,-2.141744,12,22,0.527264,-0.527264,-0.523470,0.000000,1.454014,0.064719,0.517756,0.517756,0.000000,0.000000,0.009508,0.009508,0.436332,3.141593
3.070003,-2.038350,14,23,0.571195,-0.571195,-0.479067,0.000000,1.564380,0.071589,0.572716,0.572716,0.000000,0.000000,-0.001521,-0.001521,0.474832,3.141593
3.066827,-1.942967,17,24,0.628791,-0.628791,-0.423756,0.000000,1.660630,0.074766,0.598125,0.598125,0.000000,0.000000,0.030665,0.030665,0.526165,3.141593
3.071125,-1.870883,21,25,0.548184,-0.548184,-0.365621,0.000000,1.733780,0.070468,0.563744,0.563744,0.000000,0.000000,-0.015559,-0.015559,0.590332,3.141593
3.064630,-1.799740,22,28,0.637988,-0.637988,-0.303379,0.000000,1.806929,0.076963,0.615705,0.615705,0.000000,0.000000,0.022283,0.022283,0.641665,3.141593
3.057284,-1.739187,26,29,0.684324,-0.684324,-0.234593,0.000000,1.865963,0.084309,0.674473,0.674473,0.000000,0.000000,0.009851,0.009851,0.705832,3.141593
3.059087,-1.691490,30,34,0.652252,-0.652252,-0.158235,0.000000,1.921146,0.082505,0.660044,0.660044,0.000000,0.000000,-0.007792,-0.007792,0.821331,3.141593
3.054244,-1.646106,33,37,0.710741,-0.710741,-0.075716,0.000000,1.966062,0.087349,0.698792,0.698792,0.000000,0.000000,0.011950,0.011950,0.898331,3.141593
