3.013918
3.014429
3.017076
3.024941
3.039654
3.060477
3.086717
3.117019
3.148786
3.180078
3.211633
3.242800
3.270862
3.290444
3.302195
3.304963
3.299740
3.288871
3.273962
3.255081
3.231471
3.202964
3.172411
3.137783
3.100269
3.060940
3.021983
2.986487
2.955548
2.929847
2.909601
2.894346
2.883643
2.877548
2.875597
2.878383
2.885382
2.896870
2.912286
2.932561
2.957586
2.986872
3.018884
3.054906
3.096706
3.143877
3.192821
3.241164
3.287489
3.329698
3.363563
3.393635
3.414646
3.423980
3.422916
3.413927
3.398907
3.375681
3.351995
3.323552
3.290258
3.253062
3.211355
3.166636
3.119725
3.072334
3.024501
2.976811
2.934109
2.893415
2.856859
2.824956
2.798614
2.775064
2.755543
2.738791
2.725707
2.715889
2.710239
2.707938
2.711432
2.718339
2.728644
2.740474
2.757644
2.776469
2.799070
2.821618
2.849859
2.880560
2.916000
2.953084
2.993180
3.034852
3.080747
3.129173
3.178818
3.228611
3.279833
3.331539
3.382010
3.425066
3.462589
3.497872
3.529233
3.557908
3.581181
3.601622
3.619417
3.638448
3.660506
3.675734
3.689695
3.689505
3.698417
3.705674
3.709761
3.710831
3.707426
3.701792
3.693092
3.681617
3.671160
3.662173
3.649524
3.638083
3.628976
3.618994
3.605807
3.590963
3.573837
3.554674
3.532953
3.509820
3.486135
3.462916
3.438286
3.411564
3.384981
3.356622
3.326376
3.294498
3.261049
3.225029
3.188495
3.151136
3.114539
3.077732
3.041924
3.007388
2.979996
2.959546
2.946606
2.939804
2.939909
2.947438
2.961575
2.980684
3.005977
3.036311
3.072451
3.113946
3.161559
3.213550
3.269195
3.325573
3.381093
3.430619
3.475358
3.516524
3.555661
3.592436
3.627648
3.662138
3.696986
3.733207
3.758867
3.784061
3.811873
3.839889
3.868002
3.896518
3.926046
3.950716
3.975075
4.000773
4.027040
4.053164
4.079249
4.105511
4.133286
4.160975
4.188910
4.218446
4.248994
4.278883
4.310149
4.341416
4.373327
4.407032
4.441988
4.479749
4.519540
4.561169
4.606552
4.655035
4.705995
4.760679
4.819605
4.878662
4.896936
4.908876
4.914500
4.917166
4.926341
4.926607
4.928929
4.929776
4.932886
4.932567
4.937654
4.940224
4.941536
4.944688
4.946823
4.949458
4.950912
4.952920
4.955178
4.957446
4.959126
4.958248
4.957989
4.957561
4.957325
4.957371
4.956480
4.956134
4.956360
4.955660
4.955106
4.955482
4.954970
4.954503
4.954452
